4
50
1
0
0
0
0
0
3517
15742
4499
4309
4926
5626
7521
8978
6428
4414
4288
3914
3585
3552
3573
3842
3812
3118
2548
2262
2228
2230
2140
2154
1938
1998
2196
2101
2033
2068
1999
2124
2168
1903
1826
1981
2344
2572
2822
2349
1916
1658
1750
1917
2169
2305
2038
1685
1637
1670
1699
1735
1591
1527
1561
1576
1527
1589
1544
1527
1582
1687
1649
1729
1960
2132
2124
2230
2012
1814
1674
1556
1592
1380
1280
1052
1006
910
965
890
926
842
781
713
749
911
1282
1840
2651
3151
3073
2669
1937
1101
636
386
302
314
394
633
1025
1539
2247
2497
2555
2132
1507
967
577
297
212
163
154
172
154
160
157
135
137
131
151
162
154
195
206
190
225
178
186
179
158
138
118
103
98
102
93
103
95
90
67
96
103
105
88
98
85
84
89
89
84
68
94
78
74
74
83
89
82
82
73
68
81
97
95
73
71
89
75
104
97
117
107
119
146
115
88
93
95
102
74
81
81
91
117
103
89
85
102
81
73
71
66
52
55
56
55
49
35
26
42
31
32
26
35
25
33
46
65
65
67
105
114
123
138
145
149
156
120
105
81
74
36
40
20
30
23
18
21
15
13
16
10
18
17
16
17
13
7
13
6
8
7
16
10
9
15
0
