0
0
0
0
0
0
0
0
0
0
0
0
0
654
5915
11744
5231
4435
5033
6147
7863
7867
5801
4452
3976
3719
3519
3492
3717
3830
3426
2727
2349
2266
2156
2136
2055
2016
2050
2109
2128
2056
2028
2069
2147
2101
1974
1910
2003
2279
2545
2595
2336
1957
1718
1712
1902
2076
2059
1919
1722
1629
1626
1629
1638
1592
1532
1553
1528
1549
1545
1566
1550
1533
1574
1649
1760
1963
2111
2168
2075
1852
1691
1630
1551
1446
1267
1092
990
955
946
920
875
823
765
732
724
867
1243
1800
2571
3020
3156
2732
1931
1109
663
414
320
308
421
631
1059
1564
2078
2416
2451
2056
1484
937
551
301
193
165
157
146
146
151
159
151
148
137
130
153
174
198
217
216
203
195
190
171
156
139
118
113
109
98
94
93
94
94
100
95
107
100
87
92
84
87
79
89
95
77
74
78
82
87
90
86
80
69
80
84
78
76
83
77
73
91
99
104
111
113
119
130
128
104
79
81
97
99
98
82
78
89
83
86
93
99
93
77
70
79
75
60
55
42
38
40
34
33
34
32
28
29
28
28
29
40
52
76
89
103
126
139
153
155
152
145
116
80
58
44
37
30
21
19
17
15
13
12
12
11
10
9
12
10
9
12
13
8
11
11
12
10
