4
50
2
0
0
0
0
0
4409
14834
4567
4287
4923
5647
7551
9134
6392
4506
4121
3822
3638
3444
3585
3925
3867
3156
2422
2293
2281
2120
2177
2026
2045
2082
2157
2162
2034
2055
2079
2236
2110
1960
1907
1953
2359
2606
2745
2385
1953
1676
1679
1868
2183
2088
2012
1739
1626
1649
1640
1662
1648
1524
1590
1533
1572
1552
1584
1581
1542
1556
1643
1675
1899
2082
2197
2214
2004
1743
1683
1626
1528
1440
1177
1066
959
973
949
924
870
819
757
734
728
910
1330
1913
2715
3104
3203
2710
1877
1060
639
400
316
301
422
607
1059
1558
2115
2471
2581
2144
1550
947
575
286
188
159
171
138
155
139
176
147
151
150
117
146
182
180
233
218
212
193
199
181
154
157
118
113
117
101
94
94
100
85
113
89
107
114
82
98
83
91
80
80
108
79
75
78
82
86
93
86
91
65
78
86
81
72
84
87
63
87
100
102
112
115
117
125
141
119
93
68
97
102
99
102
68
89
93
77
95
96
106
85
70
69
89
67
54
57
32
44
40
29
37
32
33
25
35
25
33
28
51
58
94
91
118
140
146
164
154
152
141
95
63
52
35
39
22
20
18
15
13
15
12
12
13
6
16
10
9
12
18
8
12
12
13
11
13
6
10
0
