4
50
4
0
0
0
0
0
4157
15019
4666
4225
4918
5691
7473
8924
6510
4398
4412
3875
3598
3417
3584
3775
3822
3120
2513
2358
2219
2268
2177
2028
2001
2023
2038
2211
2037
2081
2047
2050
2145
1934
1823
1958
2297
2607
2807
2383
1893
1681
1780
1872
2162
2256
1985
1744
1687
1557
1605
1668
1526
1635
1581
1534
1575
1571
1562
1575
1613
1613
1623
1689
1864
2025
2194
2208
1995
1814
1760
1734
1592
1442
1179
1049
1027
972
918
906
892
849
783
729
771
916
1222
1848
2555
3147
3195
2676
1812
1166
644
386
301
316
421
629
1028
1515
2126
2574
2498
2100
1590
1010
580
347
228
159
157
164
167
150
151
149
159
130
124
140
172
169
198
223
206
208
194
179
156
150
160
106
121
115
103
97
75
81
88
93
97
97
100
82
109
73
90
85
91
89
64
98
73
84
82
74
82
80
78
92
88
77
70
86
96
84
80
96
122
109
129
142
128
101
93
81
123
76
74
102
98
91
83
106
99
76
93
96
81
70
65
71
63
56
60
32
50
23
36
38
26
28
28
26
38
43
61
68
86
84
115
163
181
153
164
139
117
99
73
61
44
30
30
19
18
19
14
21
8
14
14
5
19
14
15
14
12
5
15
9
15
12
12
8
11
0
