0
0
0
0
0
0
0
0
0
0
0
0
0
587
5514
11585
5626
4384
4972
6043
7604
7785
5944
4591
4130
3762
3496
3456
3598
3721
3427
2828
2435
2261
2214
2187
2069
1984
1981
2006
2086
2088
2026
2031
2026
2049
1980
1857
1916
2171
2477
2635
2424
1994
1735
1735
1855
2066
2166
1985
1757
1658
1557
1579
1625
1519
1602
1557
1510
1551
1548
1540
1554
1586
1589
1609
1693
1856
2021
2147
2112
1933
1789
1731
1662
1531
1340
1143
1041
992
941
906
888
861
812
754
740
820
1027
1465
2102
2749
3097
2915
2262
1501
918
520
343
305
364
523
819
1261
1789
2289
2474
2242
1791
1263
773
450
279
190
156
157
161
156
147
147
150
140
125
131
156
168
184
209
208
204
196
182
162
150
153
121
115
116
106
98
81
78
83
88
93
95
96
87
96
86
81
86
86
86
74
79
83
77
81
77
76
80
78
83
87
80
73
78
88
88
81
89
107
115
119
132
130
111
94
87
100
94
74
88
98
92
85
94
100
84
84
91
85
73
66
66
65
59
57
42
42
33
31
35
30
27
26
27
31
38
51
62
74
82
97
134
166
164
157
149
129
109
87
68
55
39
30
26
19
18
17
16
15
9
12
12
8
16
14
13
14
10
5
14
8
14
