0
0
0
0
0
0
0
0
0
0
0
0
0
526
5442
12350
5346
4491
5123
6261
7814
7782
5773
4474
3985
3666
3494
3535
3668
3721
3312
2749
2450
2275
2188
2141
2075
2009
2020
2123
2164
2113
2044
2089
2145
2106
1934
1844
1984
2272
2570
2602
2281
1903
1699
1727
1925
2106
2114
1925
1698
1606
1619
1668
1658
1602
1500
1504
1558
1543
1512
1517
1560
1622
1641
1653
1783
1916
2054
2102
2088
1952
1718
1606
1570
1452
1272
1091
978
931
902
892
902
855
810
730
703
861
1240
1799
2486
3086
3152
2705
1925
1148
649
410
314
326
409
612
1017
1568
2148
2368
2413
2038
1506
924
528
319
218
173
151
142
145
153
149
138
137
141
145
147
154
170
197
206
194
189
180
160
133
126
124
118
110
104
103
100
96
96
98
87
82
87
84
91
97
91
89
88
81
85
92
98
98
89
77
71
79
83
76
79
81
75
75
87
85
82
98
106
116
119
119
121
118
113
97
91
102
110
91
83
96
97
87
82
91
84
82
79
78
67
60
59
65
51
43
38
38
40
28
34
31
28
32
39
39
52
62
73
85
110
115
139
150
153
153
145
121
88
65
53
40
26
20
15
10
10
13
14
11
10
10
14
16
14
10
10
13
13
12
12
10
8
