4
50
7
0
0
0
0
0
3475
15857
4746
4321
4890
5604
7439
9064
6476
4428
4132
3781
3658
3416
3435
3791
3719
3189
2504
2261
2261
2234
2184
2150
2110
2027
2074
2112
2088
1943
2071
2221
2142
1979
1782
1987
2340
2695
2797
2338
1958
1642
1775
1922
2163
2190
2070
1737
1704
1555
1698
1699
1596
1531
1551
1551
1550
1632
1553
1568
1524
1653
1653
1730
1786
1988
2158
2219
2086
1823
1721
1657
1544
1361
1263
1061
956
969
927
913
878
785
798
754
726
909
1253
1809
2606
3246
3157
2759
1933
1217
658
389
328
309
425
620
920
1491
2111
2461
2529
2188
1563
956
549
301
200
163
142
140
185
157
151
161
146
146
152
153
175
187
202
182
221
234
202
180
150
151
126
124
108
98
97
106
100
93
101
92
76
72
88
94
76
76
83
81
99
87
85
81
76
65
87
73
82
75
75
66
84
83
73
76
87
96
81
96
113
99
125
124
117
106
99
109
108
101
83
93
99
81
92
88
79
75
103
85
86
79
68
53
60
60
59
40
38
49
30
36
36
28
39
18
45
41
51
50
95
84
120
144
161
162
151
156
120
100
85
53
38
30
28
23
18
16
8
15
17
13
16
15
8
17
9
14
10
12
13
11
12
7
9
11
3
0
