0
0
0
0
0
0
0
0
0
0
0
0
0
503
5289
12286
5615
4454
4973
6034
7702
7849
5876
4460
3961
3712
3512
3402
3565
3680
3399
2811
2372
2242
2218
2177
2137
2098
2036
2029
2068
2060
1986
2013
2127
2121
1982
1859
1952
2258
2569
2644
2365
1973
1730
1750
1914
2088
2131
1993
1762
1655
1584
1661
1656
1569
1518
1530
1531
1546
1595
1535
1540
1536
1632
1653
1726
1828
2018
2149
2140
1958
1759
1673
1587
1443
1301
1149
1000
953
933
909
882
813
786
760
729
832
1110
1588
2297
2981
3133
2847
2160
1414
814
465
342
317
395
574
866
1353
1923
2323
2428
2180
1652
1074
630
358
223
169
147
147
163
163
153
153
149
145
148
154
168
183
192
191
211
222
202
177
153
145
128
121
108
98
96
103
99
92
98
90
75
71
86
92
75
75
80
81
95
86
84
80
75
69
81
74
78
76
72
70
79
80
75
76
85
88
85
96
105
107
118
121
114
105
101
105
105
95
88
90
91
86
86
85
79
82
90
87
82
77
66
57
57
59
54
43
39
41
33
33
34
31
32
25
39
43
48
55
85
89
116
140
156
158
151
150
121
100
84
55
39
30
28
24
19
17
9
12
14
14
13
14
9
13
11
11
11
10
11
11
10
8
