4
50
8
0
0
0
0
0
3563
15851
4663
4264
4904
5668
7415
9026
6533
4556
4336
3879
3601
3520
3503
3789
3771
3131
2471
2219
2178
2272
2156
2025
2016
1980
2173
2104
2053
2072
2100
2171
2114
1929
1764
2033
2288
2601
2695
2302
1922
1648
1747
1900
2177
2232
2022
1745
1545
1614
1677
1692
1618
1537
1571
1599
1564
1503
1493
1561
1534
1618
1670
1713
1869
1988
2168
2146
2011
1818
1654
1605
1594
1404
1245
1102
944
963
930
896
836
880
790
703
747
911
1329
1910
2578
3137
3340
2785
1999
1178
663
360
296
298
396
623
1041
1558
2077
2427
2594
2188
1605
1032
586
309
230
176
153
150
162
161
155
134
153
145
141
163
175
172
181
186
190
222
201
170
143
145
119
117
117
94
102
95
104
81
87
87
81
82
77
103
90
67
101
84
92
81
88
89
78
94
80
91
72
76
77
68
71
78
68
85
70
96
90
95
101
124
147
127
112
109
91
112
93
75
75
81
95
80
92
126
97
95
90
95
71
61
84
65
55
53
39
36
43
36
41
24
26
36
35
28
43
42
51
59
81
85
114
139
151
146
134
143
129
85
70
71
50
27
30
15
20
13
15
11
13
16
12
16
12
10
14
11
7
11
11
15
13
10
12
3
8
0
