0
0
0
0
0
0
0
0
0
0
0
0
0
510
5296
12181
5635
4409
4977
6036
7640
7843
5986
4624
4113
3754
3543
3471
3590
3704
3400
2793
2341
2178
2198
2176
2055
1992
1973
2056
2101
2047
2037
2065
2105
2085
1952
1837
1943
2213
2471
2563
2330
1963
1720
1721
1881
2090
2154
1990
1738
1566
1590
1647
1656
1590
1523
1550
1573
1535
1481
1481
1535
1526
1605
1654
1723
1869
2006
2124
2074
1925
1745
1622
1582
1495
1331
1177
1027
952
932
903
857
850
818
740
721
821
1115
1608
2226
2829
3190
2979
2311
1509
871
485
320
296
360
540
881
1353
1852
2256
2445
2269
1768
1207
730
409
253
193
160
150
154
159
153
142
143
145
142
153
168
171
175
181
188
209
202
173
146
141
122
117
116
96
98
95
100
83
83
84
80
79
76
96
90
71
91
86
88
82
84
85
81
87
83
84
76
72
73
70
69
73
72
75
77
84
91
92
100
119
134
129
115
105
98
100
94
79
73
79
86
85
91
109
104
94
91
89
76
65
74
69
57
52
42
36
40
37
38
27
24
32
35
30
38
41
47
55
72
81
104
129
144
145
137
138
131
97
74
70
57
35
29
20
18
16
14
13
12
12
13
13
13
11
10
11
9
7
10
11
14
11
