4
50
9
0
0
0
0
0
3294
15843
4706
4238
4982
5642
7515
9080
6519
4374
4115
3937
3671
3450
3578
3760
3700
3095
2601
2279
2289
2159
2199
2052
1928
2040
2067
2187
2087
2047
2115
2160
1995
1914
1787
1963
2226
2658
2719
2333
1934
1699
1675
1919
2112
2242
2033
1771
1631
1623
1660
1655
1628
1569
1514
1525
1658
1530
1560
1543
1574
1658
1650
1687
1875
2030
2174
2158
1988
1817
1679
1694
1563
1376
1263
1063
1007
955
931
922
914
796
781
732
776
899
1254
1890
2558
3173
3225
2775
1880
1212
658
397
294
294
392
604
1035
1544
2031
2528
2622
2189
1686
1001
589
337
224
174
142
145
135
132
166
164
160
146
137
149
162
205
206
206
226
209
206
159
162
159
124
106
131
90
94
73
92
102
93
87
81
76
89
84
83
82
93
89
95
95
93
83
96
62
74
73
83
81
75
90
90
84
79
80
76
71
97
100
97
129
104
134
153
114
104
86
104
68
88
93
85
112
81
80
90
89
84
79
83
63
78
79
48
60
51
50
48
34
38
35
26
31
23
27
38
40
58
56
67
99
130
139
154
180
136
154
127
96
81
63
46
33
22
22
15
17
11
25
17
14
8
12
7
12
12
13
15
10
15
12
10
12
9
15
9
0
