4
50
10
0
0
0
0
0
3188
15858
4520
4288
4978
5604
7445
8963
6496
4522
4296
3882
3530
3542
3560
3733
3803
3199
2554
2242
2252
2252
2193
2112
2021
2095
2116
2213
2044
2013
2110
2195
2099
1976
1866
2074
2318
2686
2707
2417
1911
1678
1723
1879
2180
2135
2051
1776
1580
1626
1549
1672
1649
1555
1541
1569
1566
1573
1429
1650
1526
1621
1618
1778
1944
2023
2255
2219
2004
1859
1628
1677
1549
1402
1230
1076
945
929
923
849
828
807
712
733
749
931
1250
1846
2630
3070
3249
2733
2015
1215
608
418
291
292
426
589
979
1542
2096
2453
2469
2204
1600
1022
564
347
202
168
169
154
169
152
139
140
162
133
144
161
165
177
214
223
211
191
198
184
160
145
137
111
109
97
76
94
90
83
90
99
77
74
88
76
80
99
99
68
83
95
87
78
85
98
88
90
80
87
82
71
70
69
74
81
103
78
90
83
103
111
135
132
137
126
106
103
90
86
79
82
90
75
96
101
94
77
93
75
88
74
82
61
61
54
54
43
39
32
30
31
23
33
34
36
37
40
42
61
83
89
133
121
154
149
184
160
122
89
75
64
48
39
29
18
18
12
13
20
17
17
10
18
13
13
9
16
7
6
9
10
7
5
13
5
6
0
