0
0
0
0
0
0
0
0
0
0
0
0
0
474
5148
12253
5531
4515
5061
6096
7815
7887
5843
4443
3998
3749
3552
3508
3619
3751
3428
2824
2445
2262
2157
2148
2087
2040
2004
2041
2094
2114
2100
2099
2147
2112
1984
1893
1955
2214
2532
2613
2344
1957
1719
1737
1906
2051
2055
1923
1701
1579
1538
1627
1667
1558
1503
1502
1521
1507
1502
1513
1518
1562
1598
1687
1784
1900
2027
2120
2114
1911
1742
1635
1554
1454
1277
1102
992
953
947
922
902
839
789
715
723
832
1117
1625
2313
2954
3210
2869
2111
1326
802
477
312
307
367
540
938
1449
1955
2361
2499
2214
1675
1079
655
401
253
179
147
142
150
155
154
156
162
155
146
155
168
180
193
206
216
203
179
157
152
137
136
121
102
92
96
95
87
92
94
78
87
83
98
82
93
80
91
90
73
70
79
79
74
77
83
76
83
66
77
69
71
78
77
75
73
80
92
98
114
120
122
119
113
116
110
97
98
99
90
89
93
95
95
90
82
82
85
87
86
79
68
64
58
50
47
41
36
32
25
23
23
28
30
31
28
34
40
64
89
100
115
135
147
142
148
140
128
95
71
58
46
30
24
19
13
12
12
17
18
16
15
14
12
12
10
16
17
9
10
10
9
10
