4
50
11
0
0
0
0
0
3247
15817
4648
4376
5012
5609
7552
9157
6423
4448
4102
3895
3633
3506
3579
3759
3859
3153
2554
2364
2223
2149
2189
2065
2067
2000
2109
2125
2157
2105
2117
2227
2122
1977
1863
1957
2255
2679
2743
2359
1929
1654
1732
1928
2122
2097
2006
1695
1608
1517
1639
1731
1582
1519
1516
1543
1528
1518
1534
1523
1577
1591
1678
1769
1872
2017
2107
2225
2022
1817
1698
1605
1538
1404
1185
1050
962
965
954
919
907
814
785
690
750
889
1244
1825
2567
3170
3292
2770
1919
1158
703
413
278
320
373
553
1023
1551
2070
2485
2640
2210
1666
950
626
349
244
162
144
140
157
156
157
151
177
155
138
160
172
182
199
204
231
203
188
149
164
131
144
125
104
91
99
98
87
94
100
77
89
83
102
83
97
79
93
95
74
70
80
80
75
78
88
72
94
61
82
68
71
81
77
77
73
74
100
90
118
124
122
129
107
122
118
97
93
112
87
90
96
98
97
95
83
77
93
86
90
87
65
66
63
47
51
42
35
36
23
26
20
32
27
38
24
37
35
59
94
100
115
135
155
139
155
141
136
98
71
58
49
29
24
19
13
13
14
19
20
16
15
15
12
14
9
19
16
9
12
10
9
12
7
7
11
0
