0
0
0
0
0
0
0
0
0
0
0
0
0
452
5169
12673
5286
4386
5039
6065
7820
7959
5917
4504
3995
3743
3590
3445
3577
3753
3382
2773
2444
2266
2253
2229
2167
2011
2005
2059
2094
2047
2020
2059
2117
2065
1934
1850
1951
2270
2566
2561
2296
1948
1739
1766
1909
2042
2067
1921
1714
1656
1687
1680
1592
1534
1511
1497
1518
1588
1595
1576
1548
1575
1617
1668
1792
1936
2084
2137
2113
1933
1740
1649
1568
1430
1275
1120
973
921
897
907
899
865
778
723
720
866
1186
1755
2467
2983
3150
2721
1923
1207
700
435
311
302
390
631
1000
1533
2040
2459
2459
2108
1548
997
563
332
219
177
151
137
142
153
156
158
145
133
132
145
168
188
200
213
211
198
194
174
151
132
117
106
100
96
90
95
93
83
78
73
79
92
102
98
92
80
78
81
84
79
71
73
71
68
70
72
80
72
65
59
67
71
69
81
87
88
93
99
112
126
137
130
115
114
103
92
91
95
97
91
84
78
78
87
83
88
95
77
65
61
62
60
52
49
47
38
34
35
29
34
34
27
27
30
36
45
49
66
93
116
122
141
150
156
159
143
110
98
81
62
46
33
24
17
16
15
15
15
14
14
10
9
9
10
16
17
12
9
9
11
12
10
