4
50
12
0
0
0
0
0
3053
16246
4524
4184
4995
5541
7468
9157
6623
4512
4189
3795
3703
3538
3405
3779
3846
3110
2530
2393
2220
2303
2226
2171
1964
2054
2092
2140
2034
2041
2080
2189
2078
1933
1817
1921
2299
2729
2622
2373
1943
1675
1763
1903
2085
2125
2029
1704
1655
1696
1740
1623
1554
1530
1517
1500
1602
1613
1610
1561
1570
1628
1629
1757
1856
2075
2136
2204
2103
1821
1709
1637
1566
1365
1256
1065
933
932
890
933
899
871
758
722
724
904
1254
1862
2589
3072
3198
2706
1878
1179
678
425
305
299
378
622
971
1539
2033
2552
2554
2221
1611
1057
554
341
209
185
152
137
133
164
150
167
154
128
137
133
168
186
205
207
231
195
200
193
151
144
117
114
97
106
85
97
100
83
84
70
78
84
106
100
99
82
78
81
85
84
72
74
73
68
72
66
85
74
71
57
63
77
62
79
88
86
94
96
106
122
134
146
117
118
112
98
89
96
96
102
84
87
73
85
93
77
98
97
64
65
60
65
58
48
50
46
32
35
39
24
42
30
24
31
33
42
51
52
79
109
128
123
158
150
165
160
130
94
101
65
57
36
30
19
15
17
14
18
12
18
10
9
12
9
17
20
13
10
9
12
13
13
7
8
13
0
