0
0
0
0
0
0
0
0
0
0
0
0
0
436
5063
12634
5503
4504
5105
6125
7681
7798
5883
4538
4034
3695
3538
3454
3556
3703
3371
2771
2384
2231
2217
2181
2151
2123
2054
2091
2121
2032
2000
2007
2021
2012
1920
1850
1960
2247
2548
2598
2337
1970
1726
1736
1885
2039
2087
1935
1717
1564
1560
1614
1640
1591
1549
1524
1532
1577
1550
1546
1514
1600
1646
1698
1803
1972
2076
2144
2129
1905
1777
1670
1603
1451
1264
1114
1042
974
904
860
910
878
791
711
743
839
1143
1690
2384
2966
3224
2810
2016
1297
723
424
320
296
388
586
955
1501
2028
2357
2443
2107
1597
1058
615
353
235
179
153
149
145
146
156
154
145
134
125
142
167
194
214
210
211
204
180
165
155
137
109
102
101
100
92
94
96
92
94
95
93
82
85
96
96
82
93
87
83
77
77
63
74
80
97
95
85
70
85
88
78
81
66
78
77
77
97
102
112
120
135
135
113
104
92
90
95
90
90
93
94
88
80
82
88
86
78
66
64
63
60
55
43
39
42
41
37
34
32
29
28
30
31
33
34
40
55
61
70
98
125
139
147
154
148
144
119
105
84
60
49
32
20
19
17
13
17
13
7
10
12
12
8
12
5
12
13
15
11
11
10
4
