0
0
0
0
0
0
0
0
0
0
0
0
0
429
5026
12621
5482
4435
5043
6185
7842
7829
5808
4446
4001
3714
3519
3410
3604
3768
3417
2771
2427
2313
2217
2216
2168
2145
2049
2074
2112
2043
1994
2034
2117
2096
1943
1874
2012
2288
2553
2547
2260
1916
1710
1753
1931
2085
2099
1956
1753
1629
1609
1647
1621
1578
1537
1553
1539
1522
1565
1548
1552
1622
1697
1640
1689
1905
2051
2129
2034
1917
1775
1635
1569
1434
1258
1117
1017
955
908
911
888
834
784
754
774
842
1101
1638
2437
3010
3165
2834
2029
1275
738
414
312
306
409
615
967
1474
1984
2358
2466
2148
1561
995
582
335
223
173
146
136
141
148
140
135
137
137
145
155
170
192
205
206
200
189
183
170
157
142
123
122
118
108
94
88
92
93
91
92
93
89
85
93
90
85
82
85
86
78
71
89
91
84
81
90
82
65
77
81
72
80
76
76
84
83
99
106
100
124
124
113
117
112
102
94
79
90
91
92
97
90
83
80
86
90
80
65
63
64
62
55
47
44
45
42
34
33
38
36
31
29
29
32
34
39
54
75
85
95
112
126
146
161
146
133
128
98
78
55
36
30
20
17
16
15
11
12
14
18
14
13
12
12
10
10
11
7
13
8
6
8
