0
0
0
0
0
0
0
0
0
0
0
0
0
404
4934
12696
5356
4383
5004
6101
7828
7805
5815
4555
4040
3748
3572
3421
3554
3690
3387
2748
2411
2285
2208
2152
2086
1998
1994
2059
2132
2085
2025
2042
2122
2083
1927
1852
1954
2262
2597
2672
2378
1980
1757
1725
1860
2055
2128
1956
1723
1606
1609
1620
1597
1583
1602
1549
1550
1590
1566
1575
1550
1522
1629
1678
1704
1902
2083
2178
2075
1906
1755
1650
1574
1462
1310
1137
1016
948
933
889
861
847
788
720
710
809
1204
1763
2398
3064
3189
2829
2066
1334
704
410
324
317
411
596
942
1525
2030
2372
2428
2077
1586
1039
609
355
227
165
141
142
149
150
158
161
158
156
153
156
167
177
195
205
201
190
174
160
150
139
124
118
109
98
103
93
88
83
82
88
86
75
86
86
94
85
88
93
84
86
91
95
85
90
88
81
68
63
74
80
86
78
72
73
67
77
91
91
96
114
130
124
104
93
100
94
99
99
90
99
101
91
95
94
88
89
82
73
71
67
59
59
49
43
44
44
38
36
37
35
32
31
27
31
37
42
47
69
86
97
113
134
157
166
160
143
111
81
68
56
38
29
23
17
17
19
19
18
15
12
11
12
13
10
7
8
9
9
12
9
9
13
