4
50
15
0
0
0
0
0
2740
16347
4566
4201
4937
5562
7578
9036
6359
4586
4270
3795
3699
3506
3384
3762
3749
3173
2449
2378
2262
2210
2155
2084
1985
2029
2102
2198
2067
2034
2050
2212
2111
1885
1855
1908
2320
2700
2825
2440
1919
1766
1674
1862
2061
2251
2022
1752
1596
1624
1646
1628
1577
1645
1572
1545
1618
1581
1592
1601
1493
1609
1722
1631
1838
2016
2228
2191
2011
1855
1697
1650
1552
1435
1257
1081
996
935
953
872
870
851
778
712
722
846
1311
1891
2536
3203
3231
2805
1995
1275
646
386
320
312
414
593
914
1566
2075
2436
2561
2125
1658
1052
601
344
226
161
137
140
157
147
160
170
153
164
152
153
171
176
190
220
200
202
176
166
152
144
130
114
125
89
112
96
90
84
81
88
95
70
89
81
100
86
86
99
85
87
88
103
85
91
89
87
74
57
75
77
88
83
71
78
67
68
92
91
96
102
133
129
121
87
104
100
89
112
88
95
110
96
87
106
87
87
94
73
71
73
64
55
64
38
48
44
43
34
37
40
32
33
29
25
39
39
47
52
90
91
108
125
151
171
166
155
130
90
68
65
43
29
28
17
18
22
19
18
16
12
11
14
15
11
6
10
9
10
13
10
8
16
8
11
9
0
