4
50
16
0
0
0
0
0
2746
16531
4662
4304
5009
5619
7618
8943
6464
4454
4286
3863
3715
3437
3469
3783
3934
3185
2478
2421
2222
2215
2142
2053
1950
2023
2127
2047
2040
2006
2091
2112
2116
1938
1780
2011
2350
2711
2859
2380
1854
1688
1735
1894
2149
2151
2040
1635
1569
1584
1648
1646
1620
1557
1537
1511
1573
1533
1500
1585
1590
1655
1643
1732
1860
2044
2195
2123
2127
1837
1672
1607
1583
1390
1255
1079
1007
955
993
896
896
809
782
715
804
850
1200
1853
2677
3108
3232
2807
1971
1146
667
405
292
298
408
617
978
1499
2178
2447
2510
2164
1588
961
608
316
214
151
144
163
144
169
161
141
162
139
152
145
150
192
197
224
208
196
184
155
144
140
117
125
105
107
100
93
108
93
90
80
91
80
88
85
85
70
91
100
86
66
74
86
74
82
74
89
74
72
80
48
80
83
81
81
101
95
79
104
91
126
122
119
131
105
118
112
92
94
79
87
92
85
89
79
100
98
81
97
86
75
69
61
52
46
54
33
37
25
32
37
29
30
29
28
46
48
55
56
78
85
110
100
172
157
150
137
124
104
80
69
49
31
34
21
25
13
15
18
21
12
14
9
15
15
11
13
19
11
5
13
9
6
7
9
11
0
