0
0
0
0
0
0
0
0
0
0
0
0
0
373
4729
12574
5596
4434
5035
6093
7806
7860
5921
4516
4031
3716
3498
3468
3622
3724
3442
2820
2431
2339
2213
2130
2090
2066
2027
2072
2104
2052
2028
2055
2106
2096
1980
1897
1988
2236
2521
2623
2383
1967
1695
1710
1905
2053
2080
1954
1714
1589
1591
1629
1611
1593
1510
1542
1533
1567
1543
1562
1556
1579
1610
1626
1738
1973
2145
2157
2050
1896
1725
1645
1570
1498
1308
1133
1034
966
931
890
855
833
813
762
723
836
1153
1584
2258
2840
3083
2849
2200
1433
819
438
306
282
346
533
905
1393
1926
2315
2414
2192
1711
1146
674
384
243
180
161
156
152
152
149
144
146
138
138
157
180
189
190
199
223
209
197
178
156
124
126
131
119
110
106
113
94
90
103
89
75
84
74
84
85
93
76
78
75
82
83
82
89
76
75
76
81
74
85
80
67
67
77
77
80
81
76
88
112
121
118
122
122
112
105
96
82
85
98
102
101
93
88
91
94
92
83
75
63
65
65
56
54
52
50
46
42
38
35
31
30
32
30
31
32
40
51
52
71
89
103
123
147
164
153
129
125
114
96
57
49
33
23
20
19
23
18
12
13
12
10
13
12
8
8
10
11
11
6
8
13
13
