4
50
17
0
0
0
0
0
2577
16412
4617
4251
5031
5556
7691
9003
6526
4475
4195
3866
3566
3456
3557
3804
3783
3217
2484
2379
2354
2155
2152
2092
2096
2018
2161
2118
2055
2048
2093
2165
2140
1944
1878
2014
2303
2645
2757
2411
1902
1634
1691
1970
2104
2138
2024
1708
1591
1602
1665
1628
1637
1516
1567
1547
1594
1560
1584
1573
1591
1632
1630
1691
1933
2152
2224
2110
2016
1759
1721
1587
1587
1433
1194
1082
1005
948
935
874
856
832
814
741
721
924
1329
1786
2587
3067
3170
2744
1963
1202
651
338
298
271
375
573
1035
1519
2136
2448
2513
2181
1631
1019
564
324
220
164
165
156
153
160
148
141
159
129
141
160
192
193
194
195
244
203
203
178
162
117
131
136
119
111
106
118
94
91
106
90
76
86
74
87
88
97
76
81
76
85
86
81
95
75
78
74
89
66
93
84
63
65
84
77
84
88
72
85
118
130
113
129
127
112
105
108
73
84
107
100
108
92
86
96
96
99
79
85
53
70
69
51
58
51
51
45
42
38
36
31
29
36
28
33
33
41
54
49
76
93
105
126
153
169
155
128
126
114
95
53
48
31
22
19
20
26
16
11
16
11
9
17
10
7
12
13
12
12
4
11
16
13
9
8
13
0
