4
50
18
0
0
0
0
0
2623
16418
4621
4259
4936
5642
7433
9078
6532
4479
4244
3911
3565
3479
3544
3913
3855
3136
2571
2328
2206
2231
2232
2100
2039
2011
2094
2164
2014
1976
2132
2158
2091
1963
1799
1957
2340
2669
2703
2436
1932
1577
1711
1916
2113
2159
2027
1651
1617
1568
1678
1638
1647
1573
1625
1521
1510
1518
1539
1502
1588
1654
1651
1703
1796
1978
2222
2089
2034
1797
1734
1618
1657
1427
1333
1047
972
957
958
915
871
826
787
750
731
872
1317
1829
2539
3146
3173
2738
1952
1205
652
392
291
344
390
598
1030
1612
2120
2533
2483
2160
1646
1039
573
321
207
157
177
163
151
158
145
136
151
155
161
149
165
186
200
221
203
218
193
178
180
161
143
94
107
103
104
101
95
93
99
94
89
87
84
58
94
90
89
77
110
89
86
84
72
80
82
85
89
78
74
75
72
76
86
72
86
82
78
119
102
120
153
118
110
108
97
104
96
93
83
103
75
102
79
76
97
71
94
69
102
57
76
73
53
50
56
50
29
33
33
38
24
27
29
25
40
37
48
69
82
91
122
132
141
144
149
138
131
101
80
63
53
33
26
18
13
24
15
12
15
8
16
14
17
21
11
9
12
10
14
10
10
11
9
12
14
0
