0
0
0
0
0
0
0
0
0
0
0
0
0
387
4848
12715
5445
4424
5030
6094
7760
7878
5874
4513
4070
3735
3512
3479
3691
3814
3415
2814
2424
2238
2199
2205
2123
2038
2001
2045
2105
2038
1983
2060
2116
2069
1953
1856
1964
2274
2557
2603
2354
1941
1673
1716
1905
2064
2090
1919
1676
1590
1587
1637
1625
1608
1573
1575
1501
1495
1506
1513
1515
1592
1636
1654
1726
1859
2050
2137
2029
1899
1741
1659
1609
1512
1348
1152
991
953
946
919
875
830
790
752
728
828
1202
1702
2372
2999
3128
2775
2045
1287
715
422
305
334
396
603
1017
1563
2067
2419
2406
2095
1599
1041
598
339
215
171
168
161
154
151
143
140
146
153
155
154
167
184
201
208
208
205
188
178
172
156
127
101
103
102
101
98
94
93
95
92
88
86
76
68
91
89
85
85
102
88
85
80
73
79
81
84
85
76
73
74
72
77
80
76
84
80
93
110
107
131
136
114
109
102
98
98
94
88
91
87
88
88
79
85
82
83
80
85
76
69
72
63
53
52
52
40
32
31
34
30
25
26
27
31
37
41
56
72
83
101
122
132
139
143
143
135
118
93
74
60
46
32
23
17
16
19
14
13
12
10
14
14
16
17
11
9
10
9
13
9
9
10
