0
0
0
0
0
0
0
0
0
0
0
0
0
396
4971
13000
5410
4449
5038
6056
7786
7834
5800
4486
4070
3772
3480
3440
3581
3698
3377
2759
2400
2319
2243
2210
2131
2082
2036
2087
2071
1995
1982
2063
2128
2095
1971
1838
1956
2296
2588
2611
2320
1922
1701
1731
1892
2057
2123
2005
1758
1620
1617
1633
1617
1554
1567
1583
1508
1566
1533
1543
1534
1611
1615
1649
1739
1888
2011
2151
2099
1891
1735
1633
1551
1430
1302
1146
1050
978
927
892
856
825
795
738
744
856
1162
1726
2375
3056
3197
2787
1961
1168
690
400
316
312
390
592
978
1513
2040
2391
2415
2100
1534
995
574
335
221
169
149
157
158
150
146
140
142
151
151
155
166
177
191
198
200
206
200
167
138
130
123
108
103
101
100
97
89
94
95
94
99
82
89
83
89
91
90
94
79
86
78
82
77
80
85
89
77
73
78
71
70
80
75
79
84
82
90
100
121
127
115
121
117
110
112
97
92
94
94
90
94
97
95
93
92
94
103
93
76
71
69
65
60
57
52
43
42
41
33
30
31
31
29
25
24
32
59
78
83
102
117
131
151
159
158
136
118
93
66
53
36
25
24
20
18
17
16
14
15
14
11
14
13
10
10
13
15
10
9
7
8
11
