0
0
0
0
0
0
0
0
0
0
0
0
0
375
4730
12577
5776
4489
4996
6045
7746
7906
5953
4555
4065
3715
3443
3370
3537
3711
3416
2823
2427
2262
2222
2185
2088
2021
2024
2019
2068
2119
2049
2032
2115
2089
1926
1820
1892
2157
2471
2606
2420
2028
1759
1714
1865
2107
2109
1986
1783
1607
1599
1629
1585
1549
1558
1594
1500
1574
1516
1475
1497
1535
1608
1658
1723
1876
2038
2171
2153
1985
1755
1619
1555
1467
1322
1136
1015
966
925
885
867
852
816
754
731
780
1018
1467
2154
2799
3091
2923
2353
1558
880
520
349
305
353
512
798
1247
1801
2299
2496
2288
1796
1232
719
417
266
192
154
158
168
159
156
147
153
148
133
131
155
180
192
213
207
210
189
183
165
139
131
103
105
105
103
99
97
89
97
87
86
96
88
83
78
83
92
88
83
80
79
82
84
82
79
80
75
70
75
82
82
76
76
82
85
83
85
98
104
107
119
117
112
111
108
96
92
88
88
90
86
88
86
88
101
92
82
80
82
82
78
63
57
47
42
49
44
31
27
31
32
30
31
29
31
45
50
55
70
89
98
136
155
165
157
144
134
112
101
85
52
36
33
24
16
14
13
15
14
13
11
11
12
11
13
12
9
10
5
5
4
7
