4
50
21
0
0
0
0
0
2454
16672
4694
4253
4977
5686
7658
8989
6428
4469
4211
3966
3526
3322
3425
3767
3708
3282
2589
2286
2215
2279
2182
2000
2021
2050
2124
2098
1991
2022
2061
2111
2048
1926
1834
1982
2295
2721
2759
2397
1904
1717
1770
2000
2097
2236
2000
1761
1635
1612
1674
1625
1654
1541
1579
1550
1547
1513
1528
1541
1645
1606
1634
1699
1852
1970
2221
2243
1955
1843
1659
1605
1575
1435
1182
1019
1001
956
944
924
902
871
771
731
721
885
1304
1881
2486
3147
3278
2716
1950
1197
689
396
288
281
413
636
961
1607
2093
2522
2562
2148
1640
983
609
312
210
178
157
146
151
163
153
173
155
149
156
132
178
176
215
197
219
224
231
184
162
146
121
139
102
109
87
104
87
84
73
72
97
88
80
76
86
82
89
83
97
74
98
78
76
96
78
64
81
80
92
76
89
74
70
66
90
90
90
93
111
143
128
131
101
108
101
116
75
97
102
102
91
93
98
84
89
90
90
91
77
74
66
63
61
54
50
27
40
36
24
31
36
26
32
29
37
46
52
79
86
96
119
133
156
126
148
152
127
117
88
55
58
40
19
12
19
21
18
13
14
10
7
9
14
15
7
13
7
15
9
12
10
9
5
5
6
0
