4
50
22
0
0
0
0
0
2548
16496
4636
4257
5031
5723
7575
9088
6381
4506
4215
3883
3552
3476
3460
3919
3902
3081
2566
2295
2224
2154
2202
2092
2101
1959
2170
2131
2066
2019
2088
2224
2167
1851
1847
1975
2341
2667
2651
2353
1937
1614
1683
1964
2178
2174
1978
1795
1558
1623
1636
1699
1518
1545
1598
1541
1674
1508
1571
1565
1532
1654
1673
1664
1812
2080
2172
2022
2105
1833
1694
1607
1580
1443
1254
1041
963
938
943
900
825
841
779
759
726
883
1335
1838
2569
3050
3301
2806
1990
1164
692
382
306
285
427
618
1005
1510
2149
2445
2479
2223
1622
994
575
316
212
170
147
147
152
145
166
154
125
128
165
139
156
190
200
232
209
193
199
161
151
151
121
132
119
108
99
94
100
96
74
96
94
88
94
77
84
91
80
78
75
93
92
83
76
82
85
88
85
75
81
62
78
73
70
70
96
97
81
85
113
123
136
123
117
130
98
103
125
73
85
82
81
75
86
85
95
72
79
82
76
85
84
79
64
43
56
51
34
31
28
29
34
38
25
26
49
50
47
64
80
83
130
150
142
154
159
163
124
84
70
61
47
36
31
24
17
12
18
10
11
18
11
11
13
14
11
12
3
13
5
13
7
11
8
7
6
0
