0
0
0
0
0
0
0
0
0
0
0
0
0
363
4687
12632
5713
4460
5010
6021
7698
7836
5938
4620
4123
3780
3552
3477
3674
3771
3416
2821
2369
2231
2217
2148
2096
2031
1959
2002
2072
2058
2004
1996
2071
2094
1963
1857
1937
2187
2541
2665
2382
1969
1727
1716
1868
2088
2096
2011
1783
1601
1558
1605
1610
1572
1513
1497
1563
1559
1519
1543
1497
1578
1601
1614
1773
1942
2036
2147
2070
1934
1789
1681
1635
1486
1308
1151
1033
977
936
919
872
847
827
754
720
816
1104
1599
2278
2886
3166
2913
2228
1449
850
509
353
312
360
534
863
1330
1891
2305
2406
2186
1691
1147
685
413
235
152
140
144
147
144
147
136
135
139
143
156
158
165
186
201
205
182
171
156
151
152
144
112
98
96
96
103
95
99
94
95
96
77
77
79
86
96
75
75
83
82
85
82
79
86
76
69
70
74
89
81
69
72
73
77
83
87
90
98
107
111
114
110
112
121
115
97
90
86
81
84
82
80
85
82
81
91
99
90
78
76
73
60
55
42
42
49
41
36
33
30
31
25
29
29
39
42
46
48
76
88
105
121
154
152
152
132
112
103
82
64
46
37
29
19
16
15
12
12
14
13
12
14
15
15
16
13
9
10
8
7
12
16
