0
0
0
0
0
0
0
0
0
0
0
0
0
356
4773
12998
5397
4389
5016
6059
7746
7828
5844
4538
4051
3717
3521
3490
3698
3833
3389
2722
2379
2223
2148
2126
2126
2022
1988
2093
2114
2077
2063
2119
2142
2070
1911
1830
1992
2292
2552
2590
2303
1927
1742
1778
1916
2126
2192
1950
1707
1581
1593
1630
1587
1553
1569
1572
1597
1577
1529
1502
1572
1613
1632
1680
1768
1887
2069
2213
2104
1898
1714
1623
1595
1427
1243
1096
983
944
908
896
875
807
765
727
726
876
1208
1744
2534
3011
3145
2720
1963
1229
696
404
321
310
414
632
1023
1540
2067
2444
2424
2070
1534
996
577
326
212
165
157
163
153
148
142
143
149
147
147
152
162
172
192
211
214
203
193
180
156
134
121
121
117
106
104
102
93
85
84
89
96
86
92
84
86
91
85
83
76
84
88
74
75
83
74
77
71
77
82
76
82
79
82
86
79
85
96
98
108
110
119
122
108
100
104
99
90
84
81
81
85
93
94
83
82
83
82
80
76
75
62
53
55
49
47
47
43
33
30
25
29
28
26
32
34
37
48
65
93
118
121
130
132
144
141
130
116
84
65
62
47
31
26
24
17
14
17
18
12
12
13
8
10
15
11
7
11
13
11
10
9
9
