0
0
0
0
0
0
0
0
0
0
0
0
0
369
4824
12919
5393
4573
5108
6142
7809
7818
5828
4480
4026
3750
3490
3431
3603
3804
3440
2846
2423
2272
2228
2198
2173
2073
1992
2078
2101
2052
1980
2016
2072
2065
1968
1895
1994
2277
2595
2624
2319
1940
1709
1738
1969
2133
2108
1966
1749
1602
1570
1623
1631
1575
1519
1518
1536
1561
1538
1547
1567
1594
1615
1657
1752
1913
2049
2135
2086
1914
1744
1627
1573
1455
1249
1083
1013
935
929
906
875
848
758
711
718
862
1257
1855
2510
3067
3196
2710
1969
1141
641
383
302
304
420
680
1046
1596
2109
2464
2405
2005
1413
917
561
303
209
177
164
165
158
154
156
149
140
132
134
149
172
189
198
199
187
169
166
156
141
137
128
114
106
102
96
94
93
93
94
81
74
79
86
93
84
80
83
85
89
84
79
78
80
75
74
79
86
83
83
72
75
77
64
71
72
81
90
97
105
119
116
116
115
102
103
101
93
94
87
86
77
77
88
94
89
97
95
75
63
54
50
47
47
43
46
39
34
35
32
30
30
30
32
37
35
45
51
66
87
97
116
134
147
166
157
138
107
84
67
53
44
31
25
24
19
15
12
12
16
14
10
10
11
9
8
9
9
11
8
6
8
7
