4
50
25
0
0
0
0
0
2481
16641
4593
4450
5026
5625
7520
8983
6476
4536
4150
3901
3626
3386
3509
3766
3931
3163
2624
2304
2273
2237
2210
2186
2054
1984
2159
2110
2073
1949
2070
2101
2117
1965
1859
1995
2256
2742
2748
2371
1941
1671
1672
1955
2238
2128
2077
1778
1630
1543
1642
1664
1619
1531
1536
1533
1589
1552
1560
1568
1606
1616
1651
1684
1860
2002
2134
2211
2027
1879
1662
1638
1570
1438
1156
1061
1017
898
969
890
882
857
738
713
720
885
1319
1943
2604
3150
3238
2708
1956
1133
636
378
301
297
404
665
1000
1576
2099
2539
2505
2138
1487
955
620
291
210
180
160
171
162
151
163
154
140
139
122
152
161
196
193
210
193
179
156
179
137
141
137
120
106
109
97
94
93
92
99
90
71
80
79
98
89
79
84
84
91
87
81
78
83
76
75
73
91
79
93
75
66
94
59
72
68
80
84
99
90
121
119
116
122
115
91
119
88
102
89
87
89
68
85
93
97
85
107
89
67
60
50
53
45
51
40
51
34
33
39
29
32
30
30
35
42
33
53
54
76
97
103
128
143
154
178
148
132
93
76
60
48
41
25
25
22
16
13
11
17
19
10
10
15
7
11
9
10
12
10
7
9
8
6
8
9
0
