0
0
0
0
0
0
0
0
0
0
0
0
0
368
4817
12858
5221
4508
5074
6272
7990
7801
5690
4454
4066
3768
3584
3573
3753
3816
3380
2800
2397
2165
2142
2121
2140
2095
2035
2080
2147
2060
2023
2053
2099
2043
1906
1868
2012
2289
2546
2535
2245
1906
1747
1808
1968
2077
2051
1905
1733
1643
1650
1655
1639
1577
1535
1574
1551
1529
1518
1500
1491
1558
1625
1674
1775
1950
2113
2156
2059
1874
1747
1654
1533
1391
1214
1077
1009
950
925
894
864
833
794
750
769
900
1282
1916
2623
3143
3071
2570
1799
1103
606
364
291
313
442
716
1148
1733
2209
2481
2411
1973
1394
869
501
282
183
160
154
148
149
152
145
143
149
150
149
153
180
185
195
213
210
205
190
164
140
116
111
110
109
103
90
80
81
90
88
93
89
84
75
75
88
98
88
81
93
87
83
83
80
82
86
90
83
72
72
74
80
87
83
81
85
90
93
98
114
118
117
119
112
105
102
96
90
89
88
87
89
96
100
96
86
78
80
81
78
64
60
59
56
53
36
32
37
34
34
30
27
24
31
43
46
53
66
76
107
113
137
142
141
159
165
135
92
70
63
47
26
24
25
24
15
15
12
11
10
15
13
11
10
9
9
8
14
11
9
12
11
6
