4
50
27
0
0
0
0
0
2319
16615
4729
4201
4871
5627
7558
9299
6336
4577
4227
3872
3690
3463
3429
3825
3788
3160
2546
2308
2260
2221
2180
2119
1993
2140
2115
2220
2102
1980
2026
2117
2081
1973
1745
2054
2259
2718
2734
2345
1853
1694
1801
1868
2114
2256
1946
1719
1653
1550
1641
1614
1680
1489
1578
1601
1622
1603
1538
1523
1598
1611
1651
1743
1870
1961
2145
2132
1987
1783
1897
1631
1632
1422
1233
1020
976
957
974
915
855
844
759
729
706
857
1244
1980
2540
3235
3354
2701
1900
1152
596
365
307
307
394
620
1034
1546
2214
2536
2541
2066
1608
945
508
334
197
166
142
167
156
154
162
150
175
142
158
144
163
175
189
231
212
215
202
188
153
158
127
109
105
110
88
93
92
93
98
94
102
94
77
96
94
99
76
79
100
78
71
81
81
80
73
93
88
83
72
78
77
72
64
79
86
88
75
107
132
99
124
110
121
113
86
90
82
89
89
70
96
101
86
87
92
85
92
98
78
81
57
60
58
59
55
45
34
42
41
40
34
23
34
38
29
48
54
66
66
98
109
144
157
137
159
112
120
87
68
67
36
33
24
21
11
15
13
13
12
8
13
16
9
13
13
13
12
13
6
14
11
8
11
9
10
0
