4
50
28
0
0
0
0
0
2336
16912
4629
4234
4925
5774
7516
9034
6396
4467
4188
3811
3506
3486
3581
3762
3776
3129
2595
2314
2177
2189
2196
2157
2016
2002
2097
2093
2053
2035
2072
2135
2125
1927
1846
1970
2296
2727
2753
2375
1844
1669
1723
1963
2227
2202
2056
1660
1636
1596
1659
1591
1570
1512
1509
1656
1637
1542
1582
1536
1511
1619
1577
1694
1846
2029
2166
2154
1996
1766
1702
1646
1570
1442
1234
1099
954
1004
938
826
884
816
775
736
789
931
1217
1943
2666
3218
3172
2678
1993
1156
673
399
307
317
387
631
1017
1573
2214
2487
2494
2228
1549
977
557
329
198
167
176
168
142
163
170
141
148
134
132
163
167
195
178
193
227
201
187
206
160
120
130
128
111
106
91
84
102
102
92
106
113
82
95
92
80
88
83
84
81
91
74
90
90
105
78
97
84
69
66
77
92
73
69
70
80
92
84
94
123
133
127
126
106
103
99
87
103
94
85
84
81
94
95
108
98
93
74
89
89
83
62
53
66
51
45
39
54
42
35
36
39
25
28
42
31
50
55
57
69
108
117
155
179
148
143
146
122
108
50
54
61
37
13
22
19
27
16
11
18
14
13
18
10
10
14
13
8
18
11
10
7
10
13
7
8
0
