0
0
0
0
0
0
0
0
0
0
0
0
0
321
4495
12640
5586
4432
5059
6123
7819
7855
5875
4548
4038
3694
3450
3418
3608
3732
3450
2839
2401
2234
2173
2110
2052
2017
2046
2097
2117
2030
1992
2042
2113
2099
1969
1895
1972
2250
2558
2618
2326
1944
1739
1744
1900
2073
2153
1975
1733
1652
1606
1619
1661
1602
1534
1520
1541
1607
1542
1511
1531
1570
1622
1657
1715
1915
2093
2171
2060
1868
1730
1661
1549
1467
1304
1128
1011
942
925
920
904
871
792
724
716
847
1157
1717
2382
2903
3137
2788
2116
1312
763
471
352
328
409
610
963
1445
2001
2403
2490
2189
1612
1042
631
370
230
171
148
142
150
158
160
148
134
136
147
159
171
178
196
213
215
209
180
163
149
130
125
119
104
101
106
89
82
87
82
92
89
87
96
79
85
90
105
101
73
78
75
67
72
86
68
75
77
79
79
77
76
82
79
80
83
92
95
95
111
117
119
119
119
109
108
104
89
84
87
93
94
93
93
87
78
82
93
88
76
66
56
54
56
52
51
52
44
38
37
44
40
30
27
27
32
44
54
57
79
101
121
132
156
165
157
139
119
95
69
50
50
28
23
22
13
16
10
9
18
13
12
13
15
10
14
12
11
10
10
11
12
8
