0
0
0
0
0
0
0
0
0
0
0
0
0
335
4665
12992
5510
4520
5093
6074
7824
7868
5863
4562
4074
3764
3506
3431
3622
3730
3402
2825
2458
2273
2207
2168
2121
2051
2017
2038
2087
2055
2024
2062
2045
1987
1923
1897
2002
2267
2589
2668
2329
1889
1713
1742
1882
2122
2195
1971
1720
1593
1552
1603
1638
1562
1497
1506
1547
1628
1605
1534
1568
1567
1587
1602
1692
1870
2087
2126
2086
1915
1745
1622
1548
1423
1265
1087
977
950
937
933
862
825
776
717
741
889
1149
1726
2449
3009
3088
2755
2070
1282
675
400
316
294
387
608
976
1494
2018
2396
2445
2106
1581
1014
601
355
225
165
138
142
157
160
153
150
147
143
150
155
158
182
203
212
202
184
181
166
153
151
130
115
104
108
101
93
92
91
87
91
99
90
97
82
81
88
80
70
82
100
83
83
79
76
82
84
82
63
73
81
82
77
78
79
77
80
85
101
106
119
121
113
111
111
112
100
90
88
89
82
94
99
93
88
96
104
103
92
79
69
64
62
57
55
52
44
39
34
29
31
36
37
36
35
34
43
58
69
73
87
107
137
155
151
160
144
116
88
74
55
47
31
25
16
21
22
21
12
14
10
9
9
6
5
7
8
10
8
11
11
11
11
