4
50
31
0
0
0
0
0
2318
17066
4555
4231
4919
5700
7609
8950
6485
4423
4124
3834
3573
3426
3548
3859
3745
3126
2542
2360
2230
2181
2282
2032
2084
2031
2148
2080
2115
2001
2086
2148
2135
1938
1873
1954
2403
2665
2733
2423
1943
1687
1732
1920
2252
2207
2024
1675
1575
1579
1639
1610
1529
1530
1559
1481
1561
1587
1607
1549
1565
1598
1696
1687
1859
2069
2247
2126
2016
1884
1668
1650
1543
1409
1216
1059
999
958
906
890
844
807
821
737
794
899
1330
2011
2633
3125
3174
2753
1909
1069
611
381
300
302
436
620
1052
1535
2159
2471
2485
2108
1545
943
583
274
174
163
169
164
172
150
152
162
167
129
141
150
169
203
198
223
204
209
208
192
139
146
112
111
99
81
73
91
84
101
92
73
87
98
86
82
101
106
91
89
88
80
72
77
81
90
106
84
88
74
69
78
65
89
77
75
75
92
102
111
106
110
132
94
123
119
104
109
83
103
100
112
93
112
93
97
102
77
95
83
93
65
70
55
59
44
45
42
42
34
36
26
30
27
31
24
34
34
60
62
97
105
120
136
140
169
164
137
137
94
80
57
62
25
23
22
19
16
16
15
11
10
9
7
8
9
14
9
7
10
13
7
15
10
8
7
10
0
