4
50
32
0
0
0
0
0
2386
16973
4682
4325
4924
5497
7511
8910
6435
4538
4311
3846
3718
3417
3506
3818
3784
3198
2557
2354
2174
2196
2243
2090
2106
2015
2106
2134
2047
2084
2127
2050
2085
1956
1829
1953
2316
2757
2755
2233
1990
1666
1666
1910
2122
2282
1987
1768
1710
1600
1655
1651
1544
1496
1570
1502
1544
1592
1575
1539
1512
1654
1716
1739
1915
2112
2145
2161
1937
1734
1613
1640
1585
1292
1202
1060
1007
968
975
888
887
844
736
743
749
890
1330
1889
2629
3164
3237
2752
1791
1113
615
369
299
301
409
642
1029
1608
2134
2517
2643
2186
1480
984
539
327
207
179
119
145
147
169
157
143
130
148
117
147
189
179
183
229
224
189
208
172
179
135
118
102
117
107
99
121
91
98
92
101
92
93
77
109
90
101
93
92
79
95
79
77
93
83
85
84
75
86
70
91
71
101
76
77
79
75
96
111
121
125
140
124
112
103
93
96
89
118
96
83
98
91
79
83
78
100
89
73
80
69
79
62
55
41
39
39
42
37
35
33
29
27
26
31
46
35
45
54
77
99
118
134
133
167
137
135
119
90
81
65
46
34
31
16
16
14
16
11
24
9
18
7
13
14
8
16
13
11
11
14
9
7
13
7
8
0
