4
50
34
0
0
0
0
0
2280
16977
4540
4243
5073
5648
7708
9108
6501
4475
4195
3764
3639
3420
3503
3720
3721
3004
2536
2352
2300
2200
2121
2042
2071
1966
2134
2225
2171
2063
2112
2209
2105
1910
1841
2046
2331
2683
2795
2292
1845
1651
1737
1894
2072
2220
2043
1719
1641
1635
1664
1629
1564
1591
1537
1479
1611
1520
1598
1624
1531
1616
1682
1672
1913
1963
2253
2148
2065
1785
1696
1612
1541
1371
1242
1077
1009
934
979
865
825
803
799
723
718
910
1389
1896
2697
3150
3203
2657
1805
1098
614
362
273
327
415
629
1024
1596
2222
2523
2557
2060
1565
913
582
321
207
155
155
151
156
145
132
157
151
152
146
160
150
178
197
214
219
218
180
179
156
148
114
125
111
97
107
79
107
104
99
97
86
92
84
93
93
95
99
85
83
87
84
86
86
76
86
93
81
73
78
73
87
56
83
64
73
82
99
119
117
125
125
136
128
127
97
100
105
90
110
112
87
85
88
95
109
77
95
92
72
81
65
70
62
52
57
50
30
32
34
32
35
23
31
41
43
49
64
72
98
99
112
147
143
133
134
146
100
105
82
59
31
34
26
20
18
15
18
13
12
13
11
9
17
11
10
19
12
9
9
8
14
7
9
14
16
0
