0
0
0
0
0
0
0
0
0
0
0
0
0
323
4529
12776
5729
4423
5060
6119
7803
7907
5972
4536
3993
3705
3504
3429
3543
3646
3318
2776
2433
2299
2217
2128
2049
2026
1988
2030
2148
2155
2083
2068
2124
2095
1952
1867
1975
2240
2534
2642
2357
1929
1697
1709
1850
2018
2128
2004
1743
1629
1615
1632
1603
1548
1561
1512
1464
1580
1503
1576
1589
1522
1600
1653
1700
1884
2006
2171
2100
1952
1753
1650
1571
1461
1317
1169
1049
969
946
909
845
807
792
752
716
801
1119
1591
2241
2850
3114
2884
2201
1427
841
479
315
298
374
534
848
1333
1902
2339
2461
2225
1722
1177
703
426
251
176
152
151
149
147
137
144
151
148
147
152
152
165
187
205
213
215
188
178
160
148
121
120
113
99
102
84
98
102
99
97
87
88
85
88
91
92
95
88
82
83
84
83
84
79
80
87
83
75
73
74
76
70
69
71
68
78
93
109
117
119
124
128
130
122
106
97
99
96
100
107
94
84
84
90
100
87
86
91
77
76
69
66
64
55
54
52
36
31
31
32
32
26
27
36
40
45
56
66
85
94
104
130
140
135
132
137
118
103
91
69
45
32
30
23
19
17
16
15
13
12
11
11
10
13
11
11
15
11
8
8
8
12
