0
0
0
0
0
0
0
0
0
0
0
0
0
321
4643
13206
5585
4365
5000
6049
7630
7820
5952
4547
4044
3676
3442
3430
3618
3815
3394
2806
2413
2223
2200
2157
2072
2023
2015
2053
2075
2053
1997
2041
2119
2126
1990
1875
1971
2243
2560
2636
2334
1939
1751
1770
1899
2059
2114
1931
1687
1584
1591
1624
1599
1560
1524
1494
1546
1567
1530
1526
1602
1509
1639
1679
1756
1930
2069
2211
2145
1879
1760
1674
1591
1480
1308
1136
966
931
946
927
911
879
805
737
704
844
1181
1703
2399
2939
3178
2793
2075
1273
732
432
316
311
410
573
952
1469
2005
2347
2369
2098
1588
1046
626
355
212
160
156
160
161
165
160
149
148
143
141
148
172
196
197
204
212
210
177
155
152
128
131
129
115
93
86
87
102
95
94
85
95
83
98
112
80
90
101
89
70
94
77
78
79
83
83
82
83
71
72
69
74
76
76
78
84
79
83
93
107
117
129
129
123
113
99
93
90
87
86
94
93
84
88
94
88
90
93
81
70
67
67
62
54
53
55
46
39
40
40
39
34
27
25
34
42
47
49
53
79
100
115
123
136
149
150
125
113
96
85
55
36
34
26
15
19
18
17
10
18
16
5
6
11
12
11
10
10
9
8
10
11
9
