4
50
35
0
0
0
0
0
2211
17332
4592
4191
4911
5672
7331
8976
6558
4578
4165
3909
3444
3441
3508
3826
3942
3020
2603
2285
2204
2241
2146
2065
2037
2042
2104
2100
2081
1963
2125
2141
2228
1914
1865
1972
2305
2691
2791
2329
1876
1723
1774
1915
2093
2220
1986
1683
1588
1599
1659
1626
1583
1553
1499
1559
1594
1559
1509
1668
1482
1649
1690
1712
1911
2030
2210
2307
1969
1810
1747
1632
1587
1402
1245
1061
901
972
949
929
917
871
780
722
704
928
1331
1913
2666
3122
3266
2665
1890
1079
626
371
298
311
442
577
1044
1571
2164
2474
2429
2138
1515
976
560
311
188
145
167
156
167
171
168
135
165
133
149
143
171
216
188
213
212
225
178
148
168
119
137
132
119
93
87
87
108
96
97
85
98
84
98
118
81
91
103
95
68
98
78
80
79
86
84
82
90
69
76
66
77
78
79
74
93
75
88
86
113
113
134
136
121
124
97
97
89
94
80
97
104
80
83
105
87
85
106
84
67
70
67
67
52
50
65
45
36
44
39
42
36
26
24
34
44
48
52
46
80
103
117
125
137
153
157
124
116
97
90
55
35
37
27
15
21
18
17
10
20
16
5
9
14
13
10
11
13
9
10
12
11
9
10
13
7
0
