4
50
36
0
0
0
0
0
2043
17199
4671
4322
5006
5722
7597
9043
6477
4472
4235
3845
3678
3480
3495
3718
3860
3025
2483
2278
2179
2082
2187
2107
1923
2079
2171
2192
2136
2028
2118
2142
2118
1907
1822
2036
2451
2659
2762
2392
1858
1642
1681
1922
2140
2176
1987
1682
1568
1582
1597
1654
1598
1528
1555
1531
1577
1521
1530
1528
1570
1569
1671
1729
1920
2018
2109
2169
2016
1828
1680
1639
1529
1358
1225
1096
1039
954
947
903
958
848
729
685
707
908
1277
1920
2758
3232
3268
2689
1880
1111
658
379
285
309
414
618
1058
1617
2220
2556
2500
2082
1542
954
529
298
214
169
147
137
197
155
147
143
145
133
155
148
182
197
218
210
217
196
203
172
177
139
129
116
92
101
97
106
99
101
75
81
102
89
81
77
78
83
72
94
96
80
70
75
88
73
102
75
75
93
65
71
82
83
71
76
105
86
112
91
131
110
148
133
129
97
100
101
92
86
85
88
95
93
90
86
94
89
90
80
91
57
75
76
64
62
37
36
35
33
34
32
36
19
35
29
31
31
44
60
80
93
89
151
194
154
161
140
118
107
90
53
30
23
31
15
17
15
14
11
13
10
15
10
19
10
14
16
12
7
10
6
11
11
11
10
11
0
