0
0
0
0
0
0
0
0
0
0
0
0
0
291
4403
12923
5821
4470
5053
6124
7738
7851
5944
4544
4043
3761
3556
3456
3546
3712
3384
2766
2373
2203
2100
2109
2111
1979
1981
2098
2148
2122
2052
2051
2098
2073
1953
1855
1983
2294
2562
2631
2394
1962
1688
1683
1864
2060
2108
1952
1697
1566
1558
1578
1618
1572
1511
1529
1511
1549
1499
1507
1510
1547
1564
1655
1743
1906
2007
2089
2086
1937
1766
1654
1578
1450
1300
1166
1068
992
945
914
919
887
787
706
689
795
1068
1565
2292
2930
3188
2920
2239
1456
860
504
327
296
366
536
869
1372
1927
2355
2454
2196
1713
1167
689
389
244
185
153
144
165
169
148
142
140
137
144
150
168
189
207
209
211
199
198
177
172
145
130
118
96
97
97
101
99
98
79
78
95
90
81
76
75
79
75
85
92
83
72
72
81
79
88
83
75
81
74
69
75
79
75
76
89
95
97
102
111
121
129
136
124
107
96
98
93
87
84
85
90
92
90
87
89
89
87
82
83
67
67
73
67
62
44
36
36
34
33
32
33
24
29
30
29
29
38
53
71
85
88
127
173
165
157
146
126
111
96
69
41
26
25
22
16
15
15
13
12
11
11
11
12
13
11
12
13
10
7
8
6
10
