0
0
0
0
0
0
0
0
0
0
0
0
0
302
4505
13009
5512
4417
5005
6089
7884
7829
5840
4536
4027
3762
3539
3477
3673
3778
3425
2772
2402
2228
2214
2113
2078
2051
2046
2119
2081
2063
2041
2043
2101
2076
1935
1871
2012
2301
2582
2665
2378
1951
1741
1773
1933
2092
2138
1949
1675
1585
1658
1680
1606
1607
1514
1518
1514
1555
1574
1510
1550
1600
1649
1668
1687
1883
2071
2110
2028
1913
1749
1600
1526
1401
1269
1164
1035
943
878
872
887
859
767
680
733
875
1171
1801
2489
3108
3137
2710
1939
1233
681
414
329
295
411
609
1029
1545
2082
2394
2360
2064
1548
973
555
305
191
154
149
151
159
161
150
142
141
144
156
166
177
190
202
216
212
197
182
167
152
132
120
112
98
93
101
103
99
100
97
98
88
87
100
91
87
83
89
80
90
84
89
87
84
89
75
88
93
85
77
71
67
62
73
76
78
81
91
109
117
108
116
114
102
102
94
93
105
93
87
93
91
94
94
95
102
98
89
82
70
58
52
53
57
51
46
43
37
30
31
35
33
27
25
29
33
38
57
69
77
102
124
143
158
161
165
147
116
92
71
52
39
30
24
23
19
22
12
12
13
12
8
9
10
16
10
16
17
9
10
18
14
12
