4
50
38
0
0
0
0
0
2123
16973
4688
4291
5113
5645
7423
8988
6476
4375
4252
3946
3692
3498
3460
3686
3700
3229
2497
2274
2203
2174
2173
2090
2007
2138
2118
2094
2081
1983
2136
2138
2085
1897
1899
1998
2299
2673
2721
2390
1966
1647
1730
1955
2208
2182
2033
1731
1570
1594
1609
1669
1554
1511
1599
1618
1542
1596
1536
1642
1594
1647
1704
1711
1845
2040
2182
2195
2033
1767
1684
1605
1638
1339
1242
996
1041
917
920
919
891
855
782
709
741
875
1283
1955
2650
3154
3251
2646
1922
1088
621
355
323
307
428
638
1083
1676
2192
2556
2490
2150
1556
955
517
349
195
173
161
142
137
136
144
151
166
126
156
160
156
174
191
208
219
196
192
144
166
155
119
107
118
96
81
88
86
85
95
115
87
96
88
94
95
82
82
83
80
89
80
74
83
65
76
70
71
64
76
75
74
81
85
75
74
98
93
103
104
149
123
120
120
129
102
103
103
99
75
107
81
99
96
101
86
78
75
68
64
90
67
67
49
54
53
40
55
31
24
26
28
30
33
32
37
39
65
59
88
92
133
131
145
161
145
140
131
107
80
65
44
35
20
24
18
17
16
13
19
13
21
16
11
8
9
8
9
9
7
15
9
15
12
8
9
0
