0
0
0
0
0
0
0
0
0
0
0
0
0
310
4536
13006
5608
4492
5128
6091
7698
7806
5818
4470
4081
3811
3578
3453
3535
3632
3401
2810
2375
2214
2163
2149
2096
2015
2063
2100
2077
2053
2009
2056
2105
2050
1936
1892
1998
2252
2541
2606
2358
1979
1724
1742
1943
2124
2124
1959
1716
1579
1574
1602
1615
1532
1516
1581
1580
1536
1564
1545
1610
1591
1644
1689
1741
1895
2068
2157
2096
1895
1709
1628
1596
1468
1272
1095
1008
957
909
908
891
858
798
726
723
823
1148
1741
2425
2981
3181
2753
2064
1252
711
410
326
315
410
622
1026
1573
2084
2423
2423
2110
1582
1015
589
356
227
174
159
145
137
136
141
150
150
141
147
156
159
172
188
204
209
197
177
155
158
146
119
109
109
93
82
85
85
84
96
107
86
93
87
92
92
81
81
82
80
86
78
74
79
66
74
69
69
66
74
75
75
80
81
75
81
93
94
99
117
134
123
119
121
116
103
100
100
89
89
91
89
93
96
93
84
78
73
67
73
77
70
60
52
52
48
46
44
31
24
24
26
29
31
32
35
45
59
67
84
101
126
132
146
153
144
137
125
101
79
61
43
32
20
21
18
17
16
13
17
13
19
16
11
8
7
8
7
8
6
14
9
13
