4
50
40
0
0
0
0
0
2002
17044
4589
4249
4953
5619
7669
9102
6273
4465
4284
3793
3732
3511
3486
3824
3796
3194
2587
2340
2293
2238
2076
2056
2056
2004
2141
2079
2069
2108
2138
2150
2105
1921
1830
1945
2317
2684
2725
2269
1882
1646
1740
1969
2226
2208
2022
1700
1585
1567
1658
1660
1491
1594
1585
1580
1558
1596
1601
1597
1568
1652
1668
1702
1857
2099
2191
2114
2041
1761
1767
1607
1560
1389
1280
1008
990
933
923
937
902
814
787
712
792
937
1247
1944
2601
3189
3270
2656
1876
1159
643
405
274
292
422
692
1048
1604
2194
2491
2547
2125
1532
990
498
288
191
163
152
177
157
145
129
156
148
140
147
163
159
180
198
216
198
208
198
193
147
128
119
130
93
108
110
108
97
113
75
84
87
94
77
83
76
91
75
90
88
80
92
80
80
80
65
75
79
91
76
85
70
86
71
59
85
91
87
102
108
121
114
112
102
92
104
101
92
83
75
100
88
92
97
88
116
81
97
75
69
82
65
55
72
56
40
36
39
34
31
36
31
27
24
27
30
43
35
52
90
106
121
142
161
180
163
146
108
90
81
63
42
28
18
28
13
13
16
16
9
16
11
16
14
9
14
14
10
14
11
7
8
12
9
11
10
0
