0
0
0
0
0
0
0
0
0
0
0
0
0
289
4418
12957
5638
4410
5006
6114
7834
7819
5800
4521
4041
3765
3588
3473
3607
3734
3437
2866
2449
2294
2233
2118
2039
2029
2002
2053
2076
2049
2067
2099
2112
2070
1949
1855
1940
2226
2538
2592
2298
1919
1706
1739
1941
2137
2145
1964
1708
1578
1566
1626
1606
1502
1567
1565
1556
1543
1575
1580
1571
1566
1634
1656
1725
1905
2099
2137
2062
1912
1743
1678
1570
1464
1326
1136
997
949
918
917
905
843
792
733
753
866
1110
1658
2315
2927
3186
2825
2115
1376
801
476
316
288
389
618
961
1449
1991
2361
2440
2162
1639
1088
626
340
216
168
157
162
160
145
137
144
148
142
145
155
160
174
193
205
201
201
197
185
151
129
120
122
97
104
107
107
97
108
76
81
85
92
76
80
75
87
76
86
86
80
87
80
78
76
68
72
78
84
78
78
75
79
70
66
79
87
90
98
107
114
114
108
100
95
98
98
91
82
81
88
90
89
92
95
98
91
85
77
72
74
66
60
63
55
42
36
36
35
32
33
31
27
24
25
30
39
37
52
84
102
118
138
156
173
162
145
110
90
81
65
44
30
19
25
15
13
13
14
10
12
12
13
14
10
10
12
11
12
11
8
6
9
