0
0
0
0
0
0
0
0
0
0
0
0
0
282
4377
12999
5886
4546
4963
5991
7787
7931
5895
4495
4034
3706
3460
3427
3644
3793
3451
2865
2417
2221
2198
2227
2109
2073
2107
2075
2081
2019
1943
2004
2113
2121
1951
1821
1957
2264
2564
2646
2441
2055
1763
1730
1863
1996
2055
1920
1692
1554
1562
1573
1591
1503
1506
1523
1490
1537
1549
1488
1542
1601
1668
1605
1673
1864
2005
2147
2081
1967
1835
1669
1557
1481
1349
1148
987
931
918
886
889
869
811
779
738
834
1083
1578
2282
2917
3092
2848
2237
1440
809
456
322
323
374
545
883
1366
1922
2331
2423
2166
1685
1135
674
391
238
175
157
139
138
162
167
151
146
150
152
149
163
191
206
219
199
201
186
166
162
143
119
100
120
109
95
87
94
100
77
88
86
98
106
92
85
103
96
85
89
89
78
74
81
79
74
79
77
74
73
73
78
84
87
83
77
84
93
97
105
111
115
120
113
104
94
95
98
99
96
86
83
84
87
92
88
81
89
80
73
73
69
66
64
63
52
39
44
39
35
33
32
29
30
32
37
34
45
53
70
94
116
137
145
146
158
139
127
106
90
69
53
33
24
21
16
19
17
13
13
14
11
10
10
10
11
11
11
10
7
6
8
7
