4
50
43
0
0
0
0
0
1916
17082
4531
4277
5059
5682
7614
9132
6389
4524
4252
3807
3631
3481
3449
3859
3723
3171
2505
2290
2273
2213
2153
1988
2055
2047
2049
2104
2079
1982
2179
2267
2016
1966
1757
2000
2324
2649
2687
2315
1885
1666
1739
1929
2133
2127
2013
1770
1608
1511
1738
1634
1601
1512
1586
1505
1588
1605
1597
1641
1554
1598
1676
1696
1858
1966
2232
2179
2054
1891
1792
1663
1547
1389
1212
1062
997
872
981
915
843
830
742
747
742
871
1376
2016
2602
3240
3324
2660
1882
1064
614
400
291
327
413
612
1098
1615
2154
2546
2570
2099
1571
899
569
288
216
181
164
144
153
172
164
132
158
145
157
168
169
173
204
202
212
186
184
186
149
139
141
124
120
115
96
108
95
85
92
99
94
87
85
93
76
83
97
77
69
92
82
90
85
73
81
66
79
73
58
90
109
85
76
59
91
89
95
107
95
124
132
111
138
87
98
95
103
99
85
74
84
99
103
98
88
93
84
71
80
82
71
71
69
41
50
45
23
36
35
20
28
22
39
31
30
43
63
55
90
94
150
127
157
151
136
137
124
85
70
49
30
35
27
20
21
16
14
6
18
19
19
6
13
5
15
12
19
9
13
9
17
15
11
10
7
0
