0
0
0
0
0
0
0
0
0
0
0
0
0
276
4445
13369
5838
4498
5071
6138
7788
7884
5891
4481
4004
3764
3581
3546
3710
3739
3394
2841
2433
2232
2199
2191
2154
2061
1979
2008
2080
2090
2067
2090
2098
2040
1923
1828
1928
2220
2501
2578
2355
1975
1726
1726
1914
2098
2092
1936
1722
1575
1580
1638
1584
1591
1466
1514
1531
1563
1464
1485
1553
1614
1588
1618
1687
1817
2023
2181
2145
1963
1781
1627
1529
1441
1254
1077
983
913
877
886
886
821
752
715
724
813
1118
1620
2279
2896
3087
2777
2113
1382
802
465
312
292
375
585
978
1455
1954
2339
2444
2201
1701
1131
664
370
215
149
129
140
150
152
161
159
147
144
147
159
176
192
190
191
203
214
206
157
159
143
128
119
106
106
122
108
96
74
82
84
98
80
91
77
77
92
87
92
87
83
84
85
81
78
74
74
75
77
72
72
62
64
82
88
84
81
90
98
106
122
135
130
124
114
99
96
99
99
97
92
89
83
86
90
86
85
85
82
80
74
69
63
57
43
39
41
36
33
33
36
32
30
32
33
31
32
37
48
71
90
115
138
148
166
163
140
110
100
82
57
50
33
25
19
19
20
11
12
12
11
12
10
9
9
12
13
11
9
9
7
6
13
