0
0
0
0
0
0
0
0
0
0
0
0
0
289
4319
12644
5869
4503
5078
6105
7691
7831
5897
4536
4072
3755
3505
3463
3633
3749
3420
2838
2418
2260
2203
2154
2093
2036
1991
2020
2122
2103
2030
2047
2102
2088
1959
1826
1871
2132
2472
2628
2462
2013
1716
1712
1861
2100
2209
2013
1714
1602
1537
1581
1609
1544
1592
1488
1468
1567
1576
1527
1568
1598
1597
1595
1712
1866
2026
2119
2103
1953
1788
1709
1602
1453
1294
1177
1056
957
915
906
896
872
824
768
741
802
1039
1507
2120
2731
3114
2993
2336
1507
933
534
344
294
359
518
804
1279
1813
2267
2401
2293
1840
1247
788
438
246
166
151
151
148
149
152
155
123
112
137
148
157
178
177
178
187
197
209
196
182
159
151
118
109
103
95
95
105
106
101
95
90
85
95
87
72
73
75
82
82
77
77
85
97
100
89
80
76
79
75
74
78
73
76
71
74
81
90
93
102
108
118
131
130
117
101
84
87
84
81
85
92
95
86
85
77
77
82
78
75
74
67
61
56
54
47
37
35
33
34
37
36
29
30
31
30
35
38
48
64
84
105
131
158
162
149
144
130
111
94
71
61
48
32
22
19
15
16
12
10
16
13
12
8
8
13
11
7
16
8
8
9
12
