4
50
47
0
0
0
0
0
2061
16975
4553
4393
5041
5772
7520
9142
6303
4442
4262
3891
3600
3430
3591
3854
3812
3086
2549
2289
2278
2198
2174
2078
2060
1979
2122
2201
2083
2034
2115
2159
2139
1887
1819
1876
2300
2626
2752
2483
1847
1683
1740
1906
2204
2298
2014
1679
1623
1546
1615
1642
1560
1622
1509
1491
1597
1606
1545
1594
1628
1626
1596
1723
1877
2055
2166
2173
2044
1777
1785
1636
1546
1302
1236
1097
976
920
925
915
899
859
793
744
752
912
1300
1940
2573
3156
3241
2742
1778
1140
642
386
288
310
440
621
1069
1579
2215
2428
2494
2182
1500
1007
563
310
181
154
156
150
153
150
161
154
98
129
151
154
166
195
170
188
196
206
219
189
179
150
155
97
116
98
94
100
113
103
101
92
91
83
108
72
77
72
82
88
79
78
80
93
107
97
86
75
83
79
70
86
71
81
73
75
75
94
87
104
105
115
126
145
119
120
86
85
94
78
88
87
101
93
81
92
68
88
82
75
77
77
60
62
52
56
40
32
40
27
42
37
35
23
39
25
39
36
45
59
80
101
123
158
175
150
148
141
114
105
73
64
52
34
22
20
15
19
12
9
18
13
14
8
10
15
11
7
17
9
9
11
14
7
9
12
11
0
