4
50
48
0
0
0
0
0
2000
17150
4581
4394
4918
5646
7664
8924
6484
4479
4266
3915
3609
3421
3631
3942
3852
3177
2519
2260
2259
2325
2131
2119
2008
1988
2197
2113
2095
2090
2114
2174
2175
1918
1840
1952
2265
2684
2770
2359
1865
1671
1747
1901
2195
2110
2017
1717
1628
1560
1692
1572
1594
1584
1483
1551
1639
1619
1528
1559
1461
1576
1775
1700
1862
2019
2124
2193
1992
1788
1723
1713
1522
1378
1232
1085
994
887
907
886
882
825
787
711
747
930
1285
1926
2731
3144
3209
2632
1832
1116
675
378
272
330
393
660
1132
1534
2172
2512
2536
2122
1539
932
510
304
205
140
175
136
149
161
156
157
149
140
137
143
175
174
190
240
179
206
195
195
166
134
123
114
113
104
99
89
89
101
87
80
82
112
77
119
95
91
90
63
86
88
80
87
69
94
68
78
83
73
81
81
71
60
59
76
68
86
79
95
97
100
127
128
102
119
107
95
100
91
82
86
98
77
77
113
77
86
88
81
94
82
61
60
56
48
53
43
35
37
34
22
31
22
26
30
32
55
64
58
67
104
119
114
145
157
157
139
105
117
79
57
49
38
23
16
17
21
6
14
13
15
14
17
18
11
18
14
9
10
14
5
11
8
11
9
11
0
