0
0
0
0
0
0
0
0
0
0
0
0
0
293
4496
13136
5543
4499
5025
6157
7818
7800
5847
4521
4083
3759
3503
3499
3733
3827
3443
2805
2370
2244
2271
2178
2100
2025
1979
2092
2117
2077
2069
2087
2128
2111
1965
1862
1954
2231
2552
2625
2326
1920
1716
1748
1921
2090
2077
1929
1717
1603
1585
1627
1568
1571
1540
1485
1555
1614
1574
1517
1514
1485
1621
1734
1744
1903
2039
2119
2074
1876
1738
1693
1594
1426
1281
1134
1019
919
888
884
874
835
790
725
728
869
1177
1746
2511
3012
3155
2711
1959
1225
740
425
291
318
398
645
1067
1515
2057
2411
2429
2081
1533
969
554
325
210
162
156
146
146
154
156
153
147
140
137
149
166
175
199
210
194
195
194
184
159
133
120
113
109
102
95
88
89
94
86
80
87
102
86
111
93
89
83
67
85
85
79
82
73
86
69
78
80
74
80
77
67
59
63
72
73
83
84
92
95
107
123
115
108
111
101
96
94
87
83
89
87
79
91
92
84
84
84
85
87
73
63
58
53
50
48
41
36
35
29
27
26
24
26
29
39
55
60
61
79
104
113
123
144
154
149
127
109
103
74
56
46
34
21
16
16
17
8
12
13
13
14
15
16
12
16
14
9
9
12
4
10
7
