4
50
50
0
0
0
0
0
2123
17055
4604
4249
4934
5608
7448
8944
6410
4599
4167
3854
3587
3491
3559
3793
3962
3122
2562
2315
2270
2254
2156
2053
1992
2081
2164
2100
2043
1997
2066
2174
2153
1912
1917
1983
2165
2660
2810
2388
1929
1687
1791
2057
2248
2200
2010
1684
1603
1654
1634
1606
1558
1535
1535
1574
1549
1611
1536
1509
1548
1623
1707
1639
1844
1960
2216
2250
2070
1811
1716
1616
1568
1343
1193
1030
979
909
922
891
960
857
771
748
768
939
1352
1907
2788
3074
3281
2697
1893
1117
630
413
281
287
370
644
969
1603
2176
2533
2485
2130
1548
935
524
314
189
153
159
129
178
153
143
161
132
141
157
127
184
178
192
229
234
197
197
207
160
139
120
109
109
95
103
87
99
101
92
96
89
88
113
82
89
81
68
90
100
85
81
83
65
90
86
82
68
89
68
85
75
83
81
64
76
88
83
103
114
107
144
124
121
96
118
102
69
87
73
87
95
91
86
101
81
97
105
80
74
71
58
55
53
49
52
41
32
29
35
26
30
27
34
36
45
45
60
68
77
111
140
134
184
138
162
139
111
99
68
61
52
33
23
22
13
17
14
16
10
16
13
12
15
18
17
9
5
14
21
10
10
10
3
8
6
0
