4
50
1
0
0
0
0
0
3679
16555
4788
4571
5234
5803
7434
8916
6376
4471
4328
4076
3710
3580
3560
3773
3804
3224
2662
2358
2412
2245
2321
2243
2135
2206
2152
2197
2126
2003
1991
2104
2075
1851
1773
1757
2257
2501
2568
2201
1844
1756
1997
2532
3139
3328
2857
2033
1693
1480
1582
1517
1471
1399
1468
1467
1545
1409
1458
1458
1501
1535
1618
1609
1701
1863
1972
1993
1825
1689
1594
1560
1476
1315
1115
985
886
887
898
871
815
764
702
668
731
918
1312
1722
2481
2952
3018
2621
1756
1119
662
377
259
280
405
576
973
1476
2004
2300
2347
1948
1459
887
538
266
176
160
153
148
170
152
149
134
136
126
129
139
169
159
184
194
198
203
188
175
141
127
122
111
106
83
99
84
98
105
90
96
79
78
65
67
96
103
90
89
89
68
85
71
73
76
81
73
68
67
60
71
82
75
67
86
61
89
79
96
111
92
110
123
110
99
122
92
90
105
91
70
81
76
87
96
80
95
67
67
71
68
72
61
48
48
50
40
50
25
44
27
31
24
26
29
37
43
48
52
63
95
109
129
143
149
154
136
124
104
71
73
39
29
26
17
11
9
17
8
20
6
11
19
12
11
12
10
7
15
5
14
11
10
16
7
12
0
