0
0
0
0
0
0
0
0
0
0
0
0
0
537
5607
12864
5704
4711
5274
6198
7696
7734
5799
4539
4182
3884
3636
3539
3627
3729
3443
2904
2483
2373
2283
2267
2246
2150
2152
2148
2150
2116
2021
1985
2035
2027
1889
1775
1834
2129
2414
2441
2193
1892
1812
2047
2537
3028
3135
2690
2043
1664
1513
1536
1493
1438
1402
1449
1468
1493
1404
1440
1453
1495
1542
1598
1626
1742
1882
1950
1896
1743
1626
1558
1498
1374
1192
1030
918
875
881
870
826
773
715
672
704
852
1186
1589
2258
2797
2961
2675
1917
1231
743
428
283
279
385
568
925
1407
1895
2208
2242
1937
1457
950
562
311
193
161
152
153
158
155
145
137
132
128
128
142
158
165
179
189
194
196
185
166
141
127
119
110
99
87
92
86
96
99
90
90
78
75
64
72
95
99
88
87
83
70
81
70
72
76
79
71
67
65
61
72
79
73
72
76
70
83
84
98
102
98
111
116
106
106
106
93
94
96
84
76
77
79
87
87
86
81
70
67
68
69
67
57
49
47
46
44
39
35
34
30
28
24
25
30
36
42
47
53
70
94
111
129
141
147
148
133
118
96
73
64
39
29
24
16
11
10
14
10
16
6
10
17
12
11
10
10
7
14
4
13
10
9
