4
50
2
0
0
0
0
0
5132
14646
4979
4642
5235
5652
7463
8765
6287
4609
4254
3926
3654
3515
3628
3940
3787
3136
2591
2417
2317
2367
2241
2197
2081
2109
2172
2212
2061
1991
2067
2024
2098
1861
1706
1932
2191
2559
2623
2175
1856
1710
1987
2531
3263
3285
2763
2100
1632
1446
1606
1543
1483
1445
1468
1463
1456
1506
1499
1498
1549
1619
1650
1651
1760
1978
2026
1956
1870
1768
1597
1485
1415
1292
1044
1034
925
884
870
886
813
794
686
681
695
823
1262
1917
2486
2997
3001
2580
1847
1059
635
388
326
305
382
546
960
1394
2046
2325
2371
1995
1520
951
595
282
208
169
157
131
125
141
152
142
154
136
130
150
139
180
210
211
212
180
195
165
157
117
123
108
100
102
112
76
96
91
94
85
96
83
99
84
80
71
78
70
94
64
76
80
72
71
73
92
71
80
92
79
73
75
85
64
73
76
78
77
102
115
92
120
111
102
93
97
93
80
105
92
81
75
83
88
72
96
85
77
78
54
60
66
65
60
42
53
39
35
27
27
25
24
25
30
38
44
42
56
76
94
86
122
153
133
149
139
129
86
78
54
43
29
27
12
12
12
19
10
21
13
7
12
12
5
4
13
13
13
11
3
19
17
5
6
9
0
