0
0
0
0
0
0
0
0
0
0
0
0
0
754
6368
11713
5657
4775
5244
6130
7661
7624
5780
4561
4094
3784
3568
3541
3740
3793
3394
2825
2484
2337
2323
2262
2188
2099
2076
2126
2162
2082
2000
2012
2025
2014
1889
1773
1892
2166
2440
2476
2190
1878
1792
2041
2581
3091
3103
2634
2042
1622
1494
1555
1514
1460
1436
1449
1445
1453
1487
1482
1497
1555
1610
1635
1681
1825
1971
1970
1892
1796
1664
1523
1429
1328
1143
1024
959
890
865
869
828
791
711
676
683
780
1141
1743
2329
2855
2960
2627
1952
1172
692
424
333
311
376
551
919
1379
1929
2247
2268
1962
1490
986
594
329
213
173
152
134
128
138
145
145
145
137
135
141
151
179
201
207
199
187
180
165
144
122
117
106
99
102
99
83
92
90
89
88
91
86
94
83
77
71
76
74
84
66
75
77
71
70
77
84
72
82
87
77
72
77
77
66
72
74
76
85
103
104
102
113
106
97
93
93
87
90
96
87
79
78
82
79
83
88
82
78
66
58
61
64
63
52
48
46
39
32
27
26
25
24
25
31
38
41
46
62
80
88
98
129
141
139
142
135
113
85
70
51
39
29
23
12
11
12
15
13
17
12
8
10
11
5
4
11
12
12
9
4
18
15
