0
0
0
0
0
0
0
0
0
0
0
0
0
663
6080
12313
5649
4700
5232
6206
7723
7736
5860
4545
4056
3746
3567
3545
3661
3765
3430
2922
2513
2330
2272
2227
2176
2112
2136
2139
2084
2047
2035
2033
2060
2029
1874
1784
1898
2150
2411
2478
2243
1914
1804
2059
2580
3044
3120
2659
2032
1632
1535
1541
1540
1501
1481
1491
1443
1439
1458
1415
1427
1498
1521
1598
1683
1793
1901
2001
1946
1795
1620
1497
1453
1343
1190
1080
994
915
892
860
829
822
760
746
697
792
1071
1625
2161
2726
2990
2569
1935
1186
696
399
319
327
373
574
920
1383
1924
2214
2238
1936
1470
948
563
310
188
157
156
153
154
152
158
154
140
135
140
150
167
182
193
201
194
177
157
158
159
137
125
101
91
90
89
88
84
85
80
85
82
71
79
77
77
83
86
86
93
82
85
80
80
79
84
71
78
83
81
75
72
73
60
74
82
79
88
88
99
114
108
106
96
98
92
88
90
99
92
76
75
73
73
86
89
79
83
76
70
67
60
57
52
49
41
38
33
33
33
26
26
27
30
36
35
39
49
55
76
96
110
125
145
155
149
132
108
88
70
58
42
28
22
21
20
14
12
11
12
13
14
9
9
10
9
9
12
7
6
7
12
11
