4
50
6
0
0
0
0
0
4317
15624
4787
4570
5171
5673
7535
8867
6518
4567
4331
3859
3711
3607
3538
3930
3960
3325
2592
2456
2377
2243
2308
2198
2145
2186
2229
2081
2121
1960
1985
2099
2011
1913
1753
1869
2162
2440
2595
2363
1876
1702
1854
2390
3191
3304
2912
2004
1680
1534
1602
1550
1488
1491
1404
1508
1464
1428
1420
1492
1521
1519
1596
1496
1760
1791
2084
1993
1991
1669
1608
1576
1444
1352
1155
993
895
931
893
878
778
780
755
686
677
874
1165
1792
2416
2901
3058
2510
1756
1161
628
398
311
307
388
541
925
1414
2002
2337
2353
2057
1527
936
527
303
203
170
135
138
162
159
150
151
141
149
145
124
158
194
173
222
200
184
172
143
158
128
125
128
97
115
83
87
89
74
82
70
88
87
92
81
96
80
80
83
87
66
76
63
71
75
96
75
75
73
78
66
64
86
70
86
93
87
81
90
110
114
95
107
105
96
109
85
91
80
84
81
88
89
71
81
101
77
83
95
66
73
65
55
66
50
42
42
47
34
35
24
25
26
31
12
31
36
45
64
85
79
98
140
161
144
154
142
126
97
63
58
45
32
16
27
16
14
13
9
10
13
10
12
12
16
8
14
18
9
15
13
5
16
11
9
8
0
