0
0
0
0
0
0
0
0
0
0
0
0
0
622
5838
12186
5736
4686
5180
6120
7676
7766
5948
4621
4101
3789
3629
3536
3686
3861
3580
2935
2523
2386
2274
2251
2215
2139
2140
2174
2116
2063
2000
1959
2016
2005
1901
1804
1849
2079
2342
2469
2311
1957
1755
1892
2384
2990
3161
2771
2068
1680
1545
1564
1523
1473
1458
1403
1481
1439
1408
1413
1477
1500
1514
1552
1544
1745
1854
2027
1967
1850
1632
1576
1501
1390
1249
1074
941
905
897
876
814
774
755
707
675
783
1025
1515
2124
2663
2947
2675
2014
1359
809
475
340
308
361
504
809
1266
1786
2180
2279
2073
1626
1086
637
366
231
174
146
138
150
157
151
147
144
143
142
134
151
178
183
204
201
184
169
149
150
131
124
123
100
109
85
84
86
74
78
71
85
86
89
80
92
80
78
80
82
69
72
65
68
76
87
77
73
73
73
68
68
77
75
81
88
86
82
90
103
107
101
101
102
99
98
90
85
82
80
81
84
83
76
80
89
83
82
85
73
69
65
59
59
52
43
41
43
36
33
26
23
24
27
16
26
34
43
60
79
78
93
132
154
145
149
143
127
101
69
59
47
34
20
23
18
15
14
10
9
10
11
10
10
12
11
10
14
12
11
13
8
10
