0
0
0
0
0
0
0
0
0
0
0
0
0
588
5716
12372
5855
4731
5165
6051
7623
7748
5912
4619
4087
3762
3589
3564
3711
3851
3580
2915
2493
2325
2308
2293
2224
2121
2045
2109
2141
2063
1972
1956
2024
2035
1917
1801
1882
2137
2410
2508
2277
1944
1797
1996
2472
2990
3111
2732
2107
1687
1548
1491
1503
1494
1423
1470
1457
1394
1417
1449
1477
1471
1549
1562
1590
1750
1911
2065
1964
1805
1640
1515
1438
1350
1217
1081
997
938
876
873
868
804
745
695
669
741
1046
1501
2169
2771
2956
2706
2051
1286
745
445
314
289
382
548
850
1297
1764
2142
2263
2047
1584
1051
627
362
223
168
155
149
145
146
137
135
136
131
135
148
153
175
189
190
186
171
158
152
151
131
135
133
110
104
89
78
82
88
74
76
84
94
68
75
94
77
60
89
74
76
70
72
84
78
81
76
75
70
78
69
73
77
77
76
78
71
75
87
93
109
122
111
100
101
99
87
81
81
87
92
91
89
80
74
78
83
84
82
74
64
61
60
52
48
48
44
40
38
33
25
29
31
28
28
37
34
42
58
84
93
100
128
134
141
145
131
129
92
78
55
43
32
17
15
15
14
16
8
7
14
13
12
11
8
7
6
9
11
10
11
8
3
