0
0
0
0
0
0
0
0
0
0
0
0
0
558
5547
12327
5936
4742
5181
6080
7646
7754
5912
4604
4135
3846
3596
3489
3614
3762
3507
2939
2524
2339
2243
2236
2182
2134
2114
2114
2133
2066
2004
2015
2026
2003
1910
1784
1830
2102
2400
2480
2276
1964
1776
1958
2421
2921
3127
2723
2091
1690
1513
1485
1523
1429
1423
1458
1460
1466
1493
1467
1453
1457
1498
1583
1620
1768
1937
2031
1963
1862
1713
1583
1482
1355
1196
1078
978
924
877
839
830
826
784
702
659
732
1001
1483
2086
2660
2956
2725
2104
1411
848
487
319
292
361
492
767
1213
1739
2149
2260
2093
1654
1130
700
406
237
164
143
155
161
148
152
153
149
138
133
146
162
173
192
182
174
167
191
172
147
131
124
110
100
92
86
95
90
86
86
87
84
71
86
83
91
97
93
72
73
78
77
72
71
73
75
80
83
79
75
70
68
69
64
70
81
79
79
89
100
115
124
123
113
105
101
96
90
85
81
85
88
86
81
83
96
98
92
84
77
72
62
61
52
51
49
49
39
34
33
35
26
26
26
25
27
45
43
43
66
82
97
129
146
143
142
137
111
92
72
56
48
42
28
16
15
14
13
12
15
16
15
16
15
9
7
6
8
11
8
7
10
10
