4
50
9
0
0
0
0
0
3893
15924
4938
4634
5191
5641
7507
8909
6436
4516
4354
3923
3764
3468
3561
3802
3874
3256
2645
2419
2314
2237
2295
2149
2180
2113
2172
2172
2039
2024
2063
2051
2046
1909
1710
1870
2190
2569
2557
2276
1930
1674
1986
2491
3050
3328
2767
2051
1680
1514
1494
1569
1441
1441
1480
1481
1484
1517
1490
1474
1474
1501
1606
1612
1755
1926
2093
2006
1946
1767
1652
1508
1469
1229
1147
1009
946
913
858
833
848
828
762
657
667
810
1208
1788
2433
2952
3064
2528
1809
1134
648
374
280
304
409
527
927
1383
2037
2289
2349
2047
1488
961
570
318
191
152
131
184
149
154
156
157
149
134
133
156
169
177
206
177
179
165
205
166
145
130
123
108
99
92
86
99
90
86
90
89
85
70
93
82
96
100
95
67
78
81
78
72
74
76
76
85
88
76
80
65
72
75
55
77
89
75
80
97
99
124
129
126
110
104
105
95
90
86
77
94
87
92
76
87
104
97
94
83
76
74
57
66
48
55
47
53
35
34
33
37
22
30
25
25
30
52
40
46
77
89
105
142
153
142
145
136
101
88
65
51
46
40
22
12
17
12
15
13
21
15
16
21
9
8
6
10
12
10
6
11
12
8
10
13
10
0
