4
50
11
0
0
0
0
0
4089
16148
4967
4594
5240
5729
7450
8895
6378
4464
4224
3909
3817
3492
3486
3850
3789
3212
2660
2470
2345
2367
2351
2175
2028
2176
2274
2254
2032
1993
2029
2090
2080
1782
1697
1877
2263
2527
2573
2210
1954
1714
2036
2503
3059
3320
2793
2033
1630
1525
1543
1552
1464
1437
1405
1408
1482
1441
1460
1456
1433
1486
1519
1625
1750
1887
2035
2127
1888
1718
1602
1487
1452
1393
1195
1000
931
907
902
817
871
771
746
691
664
810
1186
1689
2516
2916
3035
2581
1794
1118
614
374
260
317
371
573
938
1429
1996
2273
2426
2109
1493
898
547
285
191
132
131
126
163
148
147
146
125
139
143
135
163
164
181
221
215
189
176
169
144
135
105
114
114
108
96
82
81
88
93
92
79
93
80
75
105
83
72
67
75
79
68
96
78
68
77
87
78
62
76
80
78
64
91
67
74
69
93
73
116
113
107
103
110
116
103
70
74
79
87
82
94
76
96
69
102
83
82
87
67
62
71
69
65
52
53
38
40
31
33
34
34
30
29
26
39
38
43
61
84
99
124
127
136
144
155
133
108
106
68
55
55
31
33
19
29
25
12
18
16
4
14
11
5
8
10
7
11
11
9
19
9
14
17
5
9
0
