0
0
0
0
0
0
0
0
0
0
0
0
0
598
5838
12651
5793
4744
5258
6161
7690
7725
5795
4493
4061
3849
3626
3475
3630
3747
3436
2898
2545
2375
2334
2330
2215
2059
2099
2209
2220
2084
1987
1998
2042
2015
1845
1734
1870
2172
2429
2453
2223
1941
1827
2051
2511
2977
3100
2652
2018
1638
1524
1524
1511
1445
1414
1389
1409
1454
1428
1442
1433
1432
1481
1539
1653
1783
1923
2038
1998
1789
1643
1529
1451
1402
1271
1075
950
907
894
839
841
795
747
700
666
759
1066
1533
2274
2776
2967
2647
1939
1238
706
416
284
303
370
555
897
1368
1875
2202
2308
2053
1517
965
573
326
199
145
129
134
148
150
146
140
132
134
138
142
155
165
185
209
206
187
174
161
144
127
109
110
112
104
93
82
81
86
90
89
80
89
79
80
99
81
71
67
74
76
73
91
76
68
78
84
73
64
75
78
74
71
81
69
71
76
83
88
109
110
105
103
108
109
90
74
74
80
84
85
84
84
81
83
89
85
83
78
67
65
68
67
60
53
46
40
36
33
31
32
33
30
28
29
36
38
47
65
84
103
120
127
134
143
145
127
108
95
67
55
49
32
30
21
27
23
13
16
15
5
12
11
5
6
8
7
9
10
8
18
8
13
