4
50
12
0
0
0
0
0
3890
16194
4936
4603
5119
5795
7538
8891
6417
4546
4235
3960
3716
3425
3567
3910
3873
3192
2635
2456
2363
2367
2398
2206
2127
2107
2238
2191
2049
1980
2030
2077
2050
1939
1774
1936
2336
2522
2598
2224
1858
1722
1974
2494
3034
3204
2769
2020
1630
1570
1557
1496
1520
1473
1453
1415
1449
1551
1433
1363
1464
1566
1574
1573
1822
1876
2016
1964
1868
1656
1594
1484
1437
1382
1175
1020
920
898
935
871
840
771
710
687
641
832
1120
1712
2513
2956
2968
2552
1882
1085
594
364
246
267
407
565
903
1467
1930
2367
2326
2072
1546
974
526
308
193
163
167
140
158
139
133
155
128
138
163
145
153
182
196
187
195
199
172
177
142
143
106
122
113
99
87
88
93
96
71
74
93
79
91
87
76
78
99
93
86
87
82
77
67
74
67
55
78
68
71
74
91
65
65
77
92
77
104
85
96
115
109
120
103
106
100
103
92
98
79
95
94
89
74
84
98
83
82
77
72
58
67
58
62
47
51
32
33
31
24
43
34
33
28
26
31
31
47
52
73
97
123
117
149
148
136
165
107
92
73
56
49
26
18
19
27
12
24
17
12
16
10
7
22
13
6
11
8
13
12
11
10
11
12
7
12
0
