4
50
14
0
0
0
0
0
3741
16126
5095
4540
5183
5682
7485
8931
6472
4768
4264
3963
3636
3517
3565
3781
3709
3387
2673
2402
2422
2335
2311
2240
2136
2121
2211
2158
2053
1986
2004
2103
2050
1806
1677
1948
2325
2558
2585
2312
1829
1710
1985
2466
3160
3379
2815
2039
1671
1486
1520
1462
1571
1451
1471
1439
1464
1539
1461
1443
1444
1598
1565
1610
1830
1848
2049
2071
1886
1718
1562
1527
1479
1265
1154
1005
942
904
915
827
834
798
717
664
695
845
1200
1752
2449
2887
3039
2536
1795
1021
592
334
268
291
417
615
916
1489
1998
2318
2441
2009
1483
870
530
301
214
160
126
174
121
156
154
124
149
133
149
148
151
172
194
175
220
175
158
167
157
150
128
113
100
82
92
97
94
68
81
73
83
68
87
76
80
61
85
85
64
85
79
89
75
66
76
84
72
65
92
88
60
51
55
69
69
71
99
81
115
100
120
92
95
123
87
100
71
78
84
95
79
75
79
79
95
85
70
66
59
50
75
74
50
70
53
40
34
39
35
25
40
25
34
22
35
43
34
53
73
95
100
129
165
122
140
133
121
102
75
49
50
29
21
25
14
13
10
17
10
9
15
13
8
9
12
19
13
11
15
12
8
9
10
13
13
0
