0
0
0
0
0
0
0
0
0
0
0
0
0
536
5472
12483
6039
4698
5177
6096
7645
7776
6026
4695
4136
3800
3565
3500
3611
3674
3503
2997
2533
2390
2341
2292
2240
2152
2100
2137
2145
2064
1988
1977
2027
2013
1859
1738
1874
2192
2445
2496
2287
1929
1766
1962
2425
2987
3189
2761
2090
1677
1495
1486
1461
1526
1438
1446
1420
1451
1508
1439
1422
1448
1570
1552
1636
1803
1875
2018
1982
1814
1649
1538
1490
1376
1218
1082
975
917
900
859
826
804
749
685
673
761
1012
1462
2080
2629
2916
2718
2099
1343
768
441
294
281
365
536
809
1253
1770
2153
2310
2115
1625
1083
640
383
241
176
144
146
144
139
149
136
135
138
140
146
148
163
183
180
202
183
159
161
157
149
131
115
101
84
88
93
94
71
76
74
79
69
81
77
77
66
77
82
70
77
79
83
77
68
72
79
73
70
81
83
66
54
55
63
68
74
84
91
99
107
106
100
96
105
99
89
80
74
81
87
82
75
75
78
86
85
73
66
60
54
66
71
57
63
56
43
35
36
35
27
34
28
30
24
30
39
36
46
65
86
95
118
150
133
133
134
124
107
84
59
49
36
24
23
18
14
12
12
13
10
10
12
11
8
8
13
15
12
11
13
10
7
