4
50
16
0
0
0
0
0
3429
16400
4979
4609
5165
5717
7409
8635
6504
4489
4234
3997
3688
3478
3604
3827
3798
3150
2652
2395
2379
2255
2273
2227
2078
2113
2107
2265
2102
2027
1998
2060
2018
1810
1718
1931
2192
2627
2608
2222
1815
1657
2019
2531
3087
3296
2879
2162
1626
1567
1588
1604
1531
1405
1499
1426
1543
1552
1429
1422
1494
1527
1611
1625
1779
1905
2037
2116
1992
1767
1588
1542
1468
1375
1118
1049
932
843
868
852
845
798
779
694
701
864
1161
1826
2448
2892
3018
2438
1759
1108
626
398
304
269
400
587
972
1475
1981
2281
2275
2053
1463
949
529
283
204
165
143
143
131
141
142
153
141
159
136
139
168
172
202
209
214
240
178
161
135
127
139
93
117
81
87
99
85
86
77
87
87
98
85
88
87
88
68
86
84
85
104
87
88
78
82
57
94
75
80
82
69
89
87
75
83
79
81
93
111
109
108
117
128
110
88
116
87
86
80
90
100
87
96
82
75
95
81
71
65
66
68
60
46
33
37
46
35
27
25
22
26
40
42
32
30
34
39
44
78
91
107
132
128
164
169
150
124
99
78
55
40
28
22
20
18
13
13
18
18
11
11
10
12
13
13
13
14
13
9
10
8
7
6
9
6
0
