0
0
0
0
0
0
0
0
0
0
0
0
0
511
5500
12939
5675
4742
5234
6173
7635
7637
5787
4492
4104
3828
3569
3522
3680
3759
3385
2850
2486
2369
2276
2246
2220
2105
2080
2097
2182
2122
2026
1995
2016
1975
1832
1768
1913
2205
2491
2488
2176
1839
1777
2084
2587
3030
3095
2669
2047
1650
1565
1575
1562
1474
1429
1456
1454
1529
1489
1413
1437
1496
1548
1610
1687
1829
1955
2045
2013
1839
1650
1541
1477
1375
1201
1054
956
866
849
848
835
801
770
706
702
843
1137
1744
2367
2825
2965
2433
1755
1100
620
396
301
279
410
620
1013
1511
1980
2232
2204
1912
1374
876
495
282
198
161
144
137
133
137
143
145
147
146
139
148
164
182
198
207
222
206
174
149
132
131
114
106
97
85
91
92
85
82
81
85
91
91
85
87
86
78
76
85
84
91
96
86
83
77
72
73
84
76
79
77
78
87
81
77
80
79
88
101
109
107
111
119
114
98
100
98
86
83
85
94
92
90
87
78
86
86
74
67
64
66
62
51
37
34
41
38
30
26
23
23
34
39
35
31
31
36
41
66
84
99
121
126
150
163
155
132
107
86
64
46
33
24
21
19
15
13
14
16
14
11
10
10
10
11
12
12
12
10
8
8
7
6
