0
0
0
0
0
0
0
0
0
0
0
0
0
535
5579
12797
5688
4744
5146
6166
7820
7725
5824
4648
4076
3725
3608
3576
3690
3795
3440
2868
2535
2331
2265
2297
2199
2108
2124
2158
2119
2102
2026
2012
2031
1976
1832
1763
1900
2135
2401
2497
2241
1905
1827
2087
2581
3037
3044
2610
2057
1638
1495
1495
1522
1493
1464
1513
1524
1473
1466
1484
1491
1521
1522
1602
1707
1799
1909
2007
1890
1744
1665
1577
1476
1335
1185
1027
972
953
886
830
823
794
722
679
706
875
1191
1684
2425
2780
2955
2511
1824
1118
600
362
289
288
433
642
987
1455
2000
2297
2228
1887
1400
845
502
302
187
158
151
136
133
135
146
145
124
123
136
144
156
173
192
192
178
179
179
161
137
115
111
109
105
96
83
79
81
84
99
100
90
94
82
75
78
74
73
77
81
72
79
74
77
78
75
72
77
75
73
75
69
73
72
67
81
80
91
102
110
116
107
102
96
92
97
92
79
78
90
83
78
76
74
88
85
84
77
73
66
70
75
60
52
46
45
44
40
35
29
32
30
26
25
27
36
47
58
72
80
96
110
123
137
139
135
129
103
73
53
37
32
28
26
20
14
14
14
12
11
10
10
13
14
13
12
10
10
8
6
8
8
9
