4
50
18
0
0
0
0
0
3447
16761
4963
4494
5278
5694
7488
8721
6476
4496
4369
3858
3802
3518
3601
3860
3807
3215
2663
2423
2358
2333
2365
2214
2067
2125
2171
2163
2103
1983
2044
2090
2040
1895
1756
1883
2202
2502
2620
2220
1810
1690
1992
2546
3174
3274
2836
2149
1637
1559
1569
1543
1472
1452
1462
1444
1472
1406
1485
1481
1501
1530
1550
1554
1778
1940
2018
2067
1904
1720
1581
1547
1421
1275
1158
1030
906
898
936
854
850
770
703
699
682
852
1230
1732
2380
2893
3022
2580
1755
1059
633
398
262
265
383
599
913
1392
1932
2331
2339
1993
1549
915
522
317
195
186
130
153
193
149
151
162
130
124
154
139
154
178
195
197
182
199
185
169
152
101
128
113
95
89
103
86
83
87
100
75
95
93
84
76
78
99
88
105
76
79
81
95
62
76
97
65
74
64
75
77
66
71
71
86
89
80
83
97
88
104
116
103
119
99
93
104
108
86
81
84
73
92
87
82
85
76
88
90
75
70
70
73
51
42
50
41
36
35
46
30
37
37
29
26
23
32
45
48
83
95
91
126
150
148
168
128
101
84
77
58
31
20
23
17
18
10
20
15
21
12
10
10
8
12
8
13
10
11
7
12
15
9
5
9
9
0
