0
0
0
0
0
0
0
0
0
0
0
0
0
501
5448
12997
5883
4686
5253
6141
7623
7671
5861
4585
4110
3833
3628
3537
3676
3765
3451
2911
2523
2366
2317
2321
2245
2100
2075
2124
2135
2090
2010
1999
2040
2013
1901
1801
1872
2126
2399
2474
2223
1873
1762
2011
2524
3023
3116
2725
2116
1672
1551
1542
1511
1454
1436
1439
1430
1441
1405
1466
1466
1489
1515
1535
1605
1807
1941
2006
1979
1808
1642
1547
1472
1337
1205
1082
956
894
907
876
844
792
723
695
680
782
1080
1535
2130
2685
2936
2677
1976
1242
744
459
300
266
356
551
850
1284
1786
2177
2258
2010
1568
1035
601
354
228
176
149
151
168
160
150
151
136
130
141
144
152
172
188
191
185
190
182
166
144
112
119
111
95
90
97
86
82
85
95
76
93
91
82
75
78
97
87
99
76
77
80
87
65
77
88
68
70
66
72
73
67
69
73
82
85
81
84
91
92
102
108
107
108
100
96
101
99
87
81
79
79
85
86
82
80
79
83
83
76
70
69
66
52
45
45
41
37
36
39
34
34
35
30
26
25
32
42
53
78
91
94
123
145
148
158
128
101
84
76
57
33
20
21
17
16
10
17
16
18
13
11
10
9
9
9
10
11
9
7
10
13
10
