0
0
0
0
0
0
0
0
0
0
0
0
0
494
5359
12779
5927
4823
5329
6202
7599
7686
5938
4607
4079
3768
3605
3540
3629
3738
3497
2896
2501
2366
2317
2246
2201
2123
2085
2122
2147
2075
1986
1975
1988
1964
1842
1761
1861
2076
2318
2435
2253
1909
1762
1993
2451
2993
3205
2757
2062
1690
1562
1524
1533
1498
1410
1458
1540
1470
1423
1429
1387
1463
1504
1553
1625
1824
1935
2041
1956
1786
1564
1497
1471
1406
1229
1061
962
913
901
888
857
798
724
675
657
744
1048
1547
2196
2703
2981
2690
2048
1337
772
448
321
292
354
520
812
1261
1778
2207
2317
2073
1635
1102
641
369
233
167
148
150
144
140
141
140
139
134
128
146
164
178
177
181
205
188
169
166
161
138
133
128
95
90
92
82
98
80
77
86
84
83
83
86
102
84
72
77
71
88
93
73
71
78
69
66
73
70
67
76
75
72
73
72
72
72
74
81
91
103
110
117
114
100
93
89
86
94
98
90
90
95
86
79
79
76
76
80
80
77
58
52
52
52
47
36
31
33
30
30
29
24
23
25
37
36
40
46
67
90
94
121
127
156
146
122
112
77
72
57
44
32
22
19
18
17
13
14
16
12
11
12
9
9
12
13
13
16
19
13
8
7
