4
50
20
0
0
0
0
0
3284
16590
4940
4604
5143
5646
7479
8799
6460
4606
4309
3924
3737
3484
3637
3903
3744
3271
2565
2443
2389
2324
2254
2256
2085
2154
2066
2177
2144
1899
2004
2090
2023
1924
1792
1921
2219
2507
2529
2266
1862
1787
1985
2552
3191
3221
2896
2159
1628
1552
1501
1520
1603
1430
1413
1458
1540
1472
1439
1492
1557
1574
1520
1653
1717
1829
2071
2048
1918
1737
1649
1553
1442
1341
1217
1028
985
917
875
868
886
788
675
657
702
817
1103
1796
2425
2888
3040
2535
1825
1091
620
355
272
287
379
576
952
1450
1856
2326
2319
1995
1543
1006
489
327
193
168
147
146
148
168
138
160
142
136
161
138
156
153
204
181
206
174
176
162
160
132
139
122
85
85
101
86
76
81
84
75
87
95
82
78
89
79
79
82
88
53
87
83
76
83
82
83
77
67
57
58
56
73
70
70
78
85
78
89
104
122
103
124
121
109
97
111
76
83
89
85
83
81
86
107
97
78
88
79
83
73
51
68
67
44
38
37
29
17
23
29
26
23
25
31
19
39
57
61
78
86
101
138
139
158
145
135
107
81
71
56
50
38
28
20
16
15
7
19
7
11
13
10
8
6
15
8
18
7
9
11
11
12
12
5
10
0
