0
0
0
0
0
0
0
0
0
0
0
0
0
486
5489
13309
5540
4765
5169
6116
7741
7787
5843
4515
4097
3789
3614
3563
3693
3730
3386
2884
2511
2324
2256
2314
2227
2183
2157
2109
2121
2063
1970
2001
2055
2029
1869
1824
1964
2238
2485
2460
2142
1815
1770
2055
2619
3142
3124
2590
2025
1676
1531
1533
1481
1429
1443
1446
1497
1513
1470
1459
1477
1476
1486
1555
1673
1836
1960
2011
1928
1764
1626
1548
1482
1322
1174
1042
949
920
856
792
776
754
738
667
682
897
1207
1776
2398
2863
2955
2454
1717
1066
594
345
280
312
438
652
1024
1517
2028
2311
2321
1860
1354
794
453
262
192
167
156
151
152
148
151
146
122
117
137
155
174
186
189
190
205
181
162
152
130
118
110
110
102
99
82
76
76
79
81
91
78
76
87
91
83
77
78
76
73
83
90
81
81
76
76
74
70
74
76
72
67
66
74
81
77
73
80
91
100
109
118
120
111
96
88
91
86
79
72
69
75
79
80
76
79
86
81
75
73
69
62
58
55
54
43
39
32
36
30
32
29
29
29
42
42
53
65
74
88
103
123
133
130
135
145
128
102
85
56
51
23
23
20
13
14
15
13
11
16
8
15
15
11
10
9
9
9
9
11
12
10
9
