4
50
24
0
0
0
0
0
3083
16699
4867
4705
5118
5802
7401
8647
6393
4564
4453
3950
3700
3538
3493
3849
3758
3214
2558
2395
2255
2294
2373
2138
2148
2164
2078
2176
2036
1990
2047
2115
2024
1933
1733
1953
2223
2523
2675
2303
1949
1684
1939
2522
3181
3320
2928
2113
1686
1514
1633
1551
1437
1454
1425
1411
1518
1413
1451
1471
1473
1505
1591
1601
1724
1907
2057
2087
1956
1725
1596
1576
1418
1274
1161
1086
911
875
864
886
815
752
770
660
759
811
1185
1707
2352
2863
3012
2544
1812
1163
648
394
313
307
396
569
972
1426
1951
2354
2404
2047
1566
929
566
290
197
150
153
145
146
160
153
145
137
164
128
134
157
197
197
213
191
204
184
147
148
135
140
118
99
91
91
89
72
88
90
92
87
87
78
76
82
83
84
87
80
82
90
76
100
85
78
82
71
76
79
64
76
74
72
86
76
73
95
81
101
129
112
107
104
109
105
96
104
91
92
60
87
82
89
89
80
79
59
81
77
70
64
47
56
39
52
42
39
20
39
24
35
31
37
38
35
49
38
50
70
87
113
131
140
142
151
157
129
98
92
54
53
24
24
25
18
11
15
11
15
14
13
10
10
9
18
9
10
11
13
10
10
8
6
13
8
0
