0
0
0
0
0
0
0
0
0
0
0
0
0
440
5152
13024
5916
4659
5121
6109
7628
7637
5885
4608
4143
3812
3617
3593
3709
3747
3415
2865
2523
2401
2343
2253
2212
2129
2091
2167
2152
2069
1999
1991
2017
2016
1896
1771
1891
2182
2420
2441
2232
1928
1775
1959
2451
2967
3116
2718
2050
1695
1608
1530
1518
1480
1425
1398
1385
1454
1422
1404
1482
1515
1468
1532
1621
1778
1882
1998
1962
1870
1742
1601
1506
1384
1248
1096
951
901
880
868
850
807
747
702
695
762
1033
1514
2156
2690
2896
2648
2065
1381
841
478
320
304
334
503
807
1226
1749
2169
2275
2051
1621
1119
664
377
241
174
138
138
147
142
141
145
141
133
133
148
157
177
191
193
190
172
170
162
132
123
122
102
97
90
111
96
76
77
92
90
87
76
84
92
79
86
86
85
81
75
74
84
87
82
81
78
83
79
77
67
72
84
79
72
69
72
84
93
99
107
116
115
107
97
87
87
93
88
81
85
87
80
81
86
87
89
90
81
74
63
60
60
50
45
48
53
50
34
36
27
28
30
30
35
36
33
43
46
78
80
107
120
139
144
139
127
115
105
83
67
45
35
27
25
21
15
14
14
19
17
18
15
9
8
10
10
8
9
8
6
8
10
