0
0
0
0
0
0
0
0
0
0
0
0
0
425
5018
12812
6026
4730
5159
6084
7634
7769
5911
4593
4112
3812
3581
3475
3557
3761
3541
2921
2497
2337
2273
2274
2253
2142
2087
2111
2126
2086
1988
1966
2037
2004
1833
1730
1843
2106
2404
2509
2260
1939
1807
1993
2469
2948
3121
2809
2181
1729
1580
1560
1559
1480
1417
1430
1444
1449
1490
1437
1461
1466
1524
1521
1602
1759
1939
2024
1968
1838
1715
1598
1509
1443
1278
1106
973
899
861
848
847
800
742
699
671
750
979
1464
2072
2639
2928
2697
2146
1456
855
478
300
272
347
504
770
1164
1683
2133
2294
2111
1673
1153
673
399
245
171
152
142
129
127
138
147
145
139
142
146
153
163
174
178
179
173
173
161
145
151
124
101
98
86
100
92
86
85
75
73
90
94
82
83
100
88
85
76
80
73
81
78
78
70
69
79
83
78
72
67
69
73
68
70
71
79
89
97
101
102
111
111
106
105
100
94
93
88
84
87
87
84
85
80
77
83
80
76
71
70
64
56
56
50
47
39
31
28
34
33
30
23
29
27
27
41
44
45
68
88
96
127
132
135
140
130
120
110
74
67
52
37
28
19
19
18
14
13
10
8
8
10
10
8
10
11
10
7
9
13
13
13
