4
50
28
0
0
0
0
0
2955
16762
4863
4661
5203
5712
7548
8920
6523
4620
4249
3980
3647
3568
3635
3733
3813
3281
2642
2453
2335
2329
2242
2100
2200
2145
2068
2138
2036
1987
2120
2052
2097
1753
1794
1871
2221
2455
2638
2192
1924
1670
1878
2494
3127
3200
2821
2154
1617
1543
1615
1592
1547
1451
1379
1474
1513
1442
1418
1448
1488
1565
1564
1565
1741
1814
2098
2095
1895
1717
1632
1543
1472
1325
1221
1069
874
949
858
867
811
791
765
706
699
805
1221
1702
2459
2858
3038
2599
1915
1162
662
361
285
265
379
539
889
1354
1896
2284
2354
2086
1497
1017
555
315
212
182
145
183
162
161
137
126
151
138
143
133
180
144
195
197
204
226
188
166
136
134
123
114
109
97
95
91
92
77
77
91
88
94
90
79
91
81
76
84
76
73
97
104
71
83
98
70
68
79
69
61
59
77
68
65
70
79
79
97
98
116
119
107
124
99
111
96
81
93
89
84
89
82
63
92
91
79
82
80
70
62
67
59
57
58
45
40
30
40
29
36
26
35
34
28
35
29
54
58
82
94
109
128
163
156
143
119
133
110
67
62
58
30
22
17
16
20
12
9
21
9
16
14
12
12
14
12
11
13
15
15
12
10
6
12
13
0
