0
0
0
0
0
0
0
0
0
0
0
0
0
421
4988
12763
6012
4752
5205
6123
7665
7797
6010
4630
4121
3811
3594
3553
3621
3707
3491
2950
2544
2366
2302
2250
2135
2121
2137
2076
2070
2047
1990
2025
2055
2008
1870
1760
1862
2093
2362
2470
2264
1940
1753
1887
2394
2938
3081
2760
2170
1672
1540
1579
1566
1519
1428
1367
1454
1486
1420
1399
1430
1476
1540
1542
1579
1724
1858
2048
2005
1825
1677
1584
1502
1401
1278
1150
985
911
888
858
827
795
769
727
697
741
993
1423
2037
2596
2896
2766
2219
1504
888
500
318
274
325
472
736
1150
1637
2070
2264
2129
1706
1180
733
408
252
190
162
161
168
157
144
131
138
141
137
137
160
155
176
193
199
216
195
170
142
134
124
115
109
99
95
91
90
79
76
85
87
90
89
80
85
82
76
79
77
74
88
96
81
78
87
77
68
71
70
63
61
67
70
66
67
73
79
88
97
107
115
112
112
108
102
98
86
86
89
85
84
81
71
80
89
82
78
79
72
64
64
61
57
56
49
42
33
35
32
32
28
31
33
30
31
31
44
54
71
86
100
118
146
154
146
128
125
118
85
65
60
43
27
20
17
16
16
11
13
14
12
14
14
12
11
12
12
10
12
14
14
11
