4
50
30
0
0
0
0
0
3008
16975
4899
4535
5275
5719
7502
8900
6412
4644
4229
3910
3764
3540
3549
3848
3904
3208
2590
2448
2319
2288
2209
2122
2152
2112
2165
2191
2108
2013
2086
2088
1994
1792
1755
1878
2208
2513
2619
2279
1925
1733
2006
2491
3098
3446
2982
2066
1690
1501
1566
1583
1502
1336
1440
1404
1448
1448
1432
1413
1440
1511
1520
1562
1703
1938
2026
1991
1872
1786
1644
1550
1382
1321
1113
1014
935
901
921
860
866
821
748
721
736
856
1146
1715
2327
2963
2990
2586
1900
1223
646
383
272
278
366
561
850
1383
1912
2317
2493
2038
1590
971
600
290
202
183
151
131
127
166
124
164
139
134
148
140
156
131
182
178
214
177
173
166
165
133
107
130
98
106
83
106
94
106
83
74
88
87
79
88
73
76
74
71
93
98
76
79
96
82
91
74
56
85
62
70
72
89
66
63
75
75
89
98
95
86
108
128
116
80
96
80
87
57
91
81
88
96
78
83
85
90
83
79
63
70
64
41
52
43
39
48
34
37
32
28
24
27
37
28
33
35
43
52
81
71
102
138
149
151
150
150
109
100
80
73
45
25
12
12
13
26
14
18
14
10
14
20
10
11
12
5
12
9
10
18
11
10
7
7
12
0
