4
50
31
0
0
0
0
0
2866
17272
4939
4514
5236
5835
7359
8794
6335
4543
4275
3937
3721
3588
3492
3844
3975
3222
2626
2391
2260
2347
2292
2198
2200
2142
2019
2137
2055
1906
2025
2095
2133
1853
1731
2026
2131
2582
2644
2212
1911
1674
1971
2456
3133
3294
2843
2172
1655
1568
1569
1499
1503
1378
1440
1388
1486
1468
1415
1436
1540
1515
1588
1613
1753
1833
2025
1978
1895
1739
1579
1576
1430
1368
1188
978
933
896
896
835
824
789
740
680
706
825
1141
1659
2386
2920
2972
2593
1911
1178
638
419
276
289
370
575
910
1364
2026
2305
2361
2092
1552
1009
600
340
207
179
155
128
138
148
141
141
147
149
160
150
144
189
169
204
202
191
198
192
145
126
119
122
105
83
89
75
92
107
95
51
94
91
83
90
99
81
66
79
71
73
78
78
86
85
80
71
69
62
61
64
97
68
57
88
83
81
90
93
105
117
117
111
120
108
112
95
92
86
104
71
92
86
72
88
95
74
94
83
72
74
50
63
57
48
42
37
40
37
35
26
33
41
13
37
34
34
43
63
68
95
94
116
138
137
137
140
121
93
83
68
58
32
21
18
13
11
17
16
17
12
9
12
10
16
20
16
8
10
10
9
9
12
5
9
15
0
