0
0
0
0
0
0
0
0
0
0
0
0
0
426
5196
13362
5682
4728
5254
6167
7766
7827
5876
4600
4164
3852
3602
3542
3695
3755
3437
2897
2503
2291
2249
2325
2237
2096
2120
2102
2144
2065
1941
1952
2031
2008
1875
1828
1938
2156
2402
2453
2222
1888
1763
2027
2521
2976
3045
2599
2023
1660
1520
1522
1501
1430
1440
1431
1411
1427
1460
1440
1454
1520
1542
1566
1627
1807
1987
2005
1936
1797
1644
1567
1468
1331
1168
1010
906
860
854
849
850
780
723
701
711
815
1107
1646
2390
2858
3007
2692
1870
1165
643
413
300
282
386
558
945
1424
1930
2288
2274
1965
1448
963
551
297
196
169
157
153
148
153
161
146
133
146
147
149
166
179
193
192
197
196
171
146
135
124
108
101
100
92
93
96
85
81
77
80
92
90
83
74
89
96
91
84
74
71
76
72
67
64
69
74
70
67
75
81
71
68
65
68
78
84
86
93
104
122
127
109
105
103
97
89
99
89
67
75
84
85
86
93
91
79
75
73
72
69
69
53
46
42
39
39
38
34
32
31
26
30
29
27
34
41
53
61
73
93
108
127
146
158
149
134
115
82
63
53
33
23
21
20
20
11
12
15
14
10
9
11
13
14
10
6
5
10
9
8
5
7
