4
50
32
0
0
0
0
0
2862
17067
4931
4568
5222
5679
7448
8962
6555
4573
4374
3973
3740
3505
3615
3845
3778
3248
2673
2402
2250
2279
2385
2199
2079
2176
2090
2218
2049
1911
1976
2092
2055
1838
1811
1954
2146
2498
2565
2287
1894
1637
1953
2473
3019
3273
2788
2091
1691
1516
1524
1570
1428
1457
1454
1428
1421
1480
1468
1428
1528
1547
1576
1574
1689
1971
2057
2000
1952
1698
1643
1547
1463
1283
1137
958
895
852
873
848
877
758
722
703
716
830
1149
1716
2497
2927
3051
2704
1859
1166
640
414
299
274
383
525
914
1389
1915
2351
2355
2094
1521
1044
587
300
190
175
154
159
148
149
169
158
126
139
167
131
171
178
189
208
180
218
183
154
134
137
112
102
102
98
86
104
91
79
83
70
96
88
95
71
82
100
92
91
78
70
77
76
70
63
66
76
73
68
64
91
72
69
67
62
76
84
87
85
104
101
150
112
108
105
108
90
86
117
72
62
87
83
89
85
100
86
76
75
73
74
67
72
44
49
39
41
40
37
32
32
33
23
35
28
26
41
45
60
65
80
103
116
137
156
165
142
130
107
66
59
50
23
23
19
23
20
5
21
14
13
7
12
14
16
12
7
4
11
10
11
5
8
9
10
8
0
