0
0
0
0
0
0
0
0
0
0
0
0
0
407
5005
13074
5906
4666
5181
6057
7487
7582
5913
4648
4156
3820
3577
3523
3710
3860
3520
2987
2615
2410
2314
2272
2195
2116
2153
2192
2153
2041
1956
1974
2020
2020
1901
1788
1848
2093
2410
2525
2289
1919
1775
2010
2470
2909
3119
2756
2186
1755
1569
1579
1563
1453
1453
1374
1418
1499
1459
1465
1469
1429
1435
1528
1608
1768
1908
1998
1966
1835
1630
1517
1455
1375
1223
1074
976
910
893
873
855
815
757
709
709
742
936
1395
2003
2608
2941
2798
2157
1420
844
488
335
298
346
500
801
1218
1694
2128
2274
2071
1668
1148
674
390
251
174
148
138
134
139
134
138
143
134
136
140
153
177
192
202
194
202
187
166
142
142
128
121
107
99
78
85
86
92
93
89
87
80
75
95
77
78
78
71
71
73
79
78
78
75
73
71
72
74
72
75
66
55
56
67
72
75
83
89
97
108
117
120
114
108
101
95
91
93
88
84
84
80
79
82
77
74
80
82
71
67
70
64
63
58
44
40
35
35
36
30
28
29
29
31
32
36
31
49
64
76
90
126
118
155
125
127
102
108
95
70
49
40
38
21
14
13
15
16
12
11
10
13
14
12
11
12
12
9
9
10
9
10
