4
50
34
0
0
0
0
0
2856
17085
4957
4598
5057
5707
7280
8883
6503
4671
4327
4085
3720
3454
3565
3869
3987
3165
2596
2483
2312
2317
2357
2220
2121
2109
2242
2171
2051
1865
2063
2116
1962
1935
1710
1900
2185
2450
2533
2284
1834
1655
1882
2431
3117
3285
2820
2194
1721
1550
1561
1575
1438
1482
1523
1445
1460
1474
1508
1413
1547
1549
1502
1551
1725
1896
1993
2092
1962
1632
1598
1565
1436
1281
1132
1041
954
945
901
816
830
793
758
687
706
768
1137
1715
2477
2839
3020
2670
1929
1137
676
406
259
294
339
510
930
1361
1878
2236
2434
2070
1564
1022
600
345
204
144
140
137
113
128
158
148
145
134
163
129
158
181
181
199
206
194
206
171
148
140
135
86
123
104
99
84
86
83
82
79
91
94
98
100
69
79
79
99
89
81
73
91
89
67
71
74
74
76
71
84
79
86
79
83
86
80
82
81
92
117
119
97
115
107
94
81
94
75
93
77
84
77
82
82
76
95
84
99
65
74
63
58
57
41
56
32
33
37
36
26
34
29
34
33
24
41
47
51
63
92
118
118
156
131
152
136
124
106
88
59
47
34
19
22
12
15
10
15
9
13
13
15
13
17
9
10
14
14
8
8
11
11
11
12
10
0
