4
50
35
0
0
0
0
0
2819
17050
4959
4576
5259
5523
7477
8913
6486
4546
4248
3944
3782
3518
3523
3856
3833
3268
2637
2575
2426
2273
2276
2190
2180
2122
2253
2246
2093
2022
1985
2174
2081
1922
1692
1849
2223
2528
2576
2298
1952
1645
1970
2488
3040
3269
2885
2073
1634
1549
1523
1532
1456
1463
1455
1457
1540
1443
1503
1405
1490
1541
1580
1644
1728
1788
2012
2083
1868
1682
1653
1470
1430
1297
1133
933
981
912
898
808
832
768
775
735
734
809
1164
1713
2276
2816
3025
2580
1916
1162
632
396
253
253
383
538
896
1409
1859
2292
2440
2081
1594
996
594
327
226
142
142
159
152
154
152
150
119
134
127
120
159
172
208
185
211
174
201
158
158
136
119
113
107
87
81
86
93
89
79
90
84
110
93
75
92
83
88
77
87
71
73
99
92
76
80
83
59
74
59
71
96
70
66
66
77
70
99
83
110
138
111
116
108
109
93
90
74
69
89
75
101
72
89
91
88
85
73
85
89
64
50
58
62
54
36
51
43
36
30
31
21
37
26
36
41
31
50
41
77
75
108
106
143
142
161
145
126
97
73
60
42
29
21
19
17
16
14
17
17
9
19
15
14
11
18
12
11
12
10
11
8
8
5
6
9
0
