0
0
0
0
0
0
0
0
0
0
0
0
0
420
5161
13353
5701
4745
5231
6088
7753
7777
5827
4528
4092
3851
3624
3503
3667
3785
3469
2886
2598
2457
2306
2254
2195
2162
2123
2189
2214
2111
2019
2002
2083
2060
1905
1769
1869
2175
2438
2468
2245
1921
1783
2041
2538
2988
3077
2644
2008
1639
1534
1512
1490
1447
1444
1441
1471
1490
1448
1453
1426
1497
1544
1596
1668
1752
1880
2008
1939
1751
1635
1533
1422
1325
1169
1003
947
926
887
829
811
777
762
737
730
803
1116
1638
2200
2740
2974
2575
1920
1162
635
395
257
261
387
566
936
1428
1880
2259
2324
1982
1481
944
558
324
210
151
145
153
152
151
150
137
126
127
124
135
157
184
192
195
190
188
177
160
146
128
116
109
97
85
83
87
89
84
83
86
95
100
84
81
87
84
83
80
79
71
84
95
85
76
79
72
63
67
65
80
82
68
65
69
75
82
92
97
120
122
110
110
106
99
90
80
72
79
81
88
84
81
89
89
86
77
79
86
73
55
54
58
56
42
45
45
38
32
30
24
31
29
31
37
34
42
43
64
74
95
104
128
139
152
149
133
107
83
65
49
35
24
20
18
17
15
14
15
13
12
15
15
13
12
13
12
11
10
9
9
7
6
