0
0
0
0
0
0
0
0
0
0
0
0
0
420
5083
13075
5777
4652
5157
6123
7524
7554
5778
4562
4106
3785
3599
3510
3649
3807
3522
2923
2528
2336
2344
2278
2227
2211
2138
2127
2118
2059
2003
2015
2062
2048
1904
1805
1937
2159
2386
2489
2284
1941
1780
1974
2449
2986
3148
2742
2122
1699
1567
1544
1579
1510
1508
1447
1423
1460
1392
1444
1430
1461
1517
1562
1641
1826
1954
2073
2003
1816
1657
1532
1467
1401
1221
1051
977
950
895
841
823
772
730
683
673
757
1048
1502
2136
2731
2920
2675
1984
1297
748
465
317
298
366
542
877
1304
1812
2156
2289
2018
1567
1049
622
351
216
169
154
144
148
152
148
145
139
130
130
139
151
174
193
201
201
181
169
164
159
126
114
117
105
100
103
93
87
91
92
86
90
97
91
75
73
81
85
71
76
82
81
84
71
80
75
66
75
74
72
74
65
72
78
69
65
77
86
87
95
103
113
114
97
90
100
98
96
95
89
73
77
90
91
84
80
80
83
86
87
74
65
59
53
44
41
42
37
34
33
33
31
33
28
26
30
36
57
70
72
90
116
133
140
147
152
133
107
85
69
59
39
33
26
20
18
12
13
10
10
14
14
15
14
8
7
10
11
11
16
6
11
9
