0
0
0
0
0
0
0
0
0
0
0
0
0
415
5159
13390
5596
4787
5257
6243
7745
7756
5911
4650
4169
3873
3654
3496
3667
3780
3445
2822
2450
2344
2266
2265
2237
2136
2065
2123
2115
2015
1957
1984
2066
2070
1908
1790
1887
2164
2474
2528
2237
1917
1845
2107
2582
3036
3123
2662
2056
1683
1531
1511
1514
1511
1471
1381
1392
1467
1432
1398
1447
1467
1512
1558
1643
1800
1934
1998
1941
1764
1620
1540
1485
1413
1267
1071
940
904
886
850
823
807
739
713
703
840
1122
1670
2318
2828
2900
2524
1795
1113
656
369
300
290
360
542
922
1448
2056
2261
2255
1900
1341
872
537
297
200
149
148
137
128
131
139
144
138
140
145
151
156
162
172
200
197
189
177
167
142
132
113
109
93
88
84
91
92
91
90
90
78
80
88
84
78
87
80
73
77
78
79
78
78
71
70
74
69
70
77
73
71
75
74
65
66
76
82
88
107
115
118
115
102
99
98
92
91
93
94
87
88
88
77
74
80
83
86
80
70
70
64
55
44
44
43
36
39
36
24
21
25
21
25
27
35
42
49
80
71
90
124
136
132
158
146
135
99
97
64
45
28
29
24
17
14
13
13
13
14
14
13
13
11
9
8
9
7
9
10
9
8
8
