4
50
37
0
0
0
0
0
2760
17033
4855
4699
5134
5797
7434
8821
6556
4747
4324
4008
3763
3585
3457
3878
3808
3253
2566
2381
2350
2255
2300
2239
2123
2063
2179
2132
2003
1959
1997
2111
2144
1890
1744
1868
2153
2544
2698
2287
1900
1766
1992
2521
3025
3354
2920
2142
1731
1535
1513
1538
1518
1532
1418
1358
1471
1498
1374
1458
1461
1499
1554
1572
1717
1892
1997
2061
1922
1680
1627
1499
1527
1388
1275
990
934
903
901
845
824
830
722
726
681
845
1103
1681
2354
2894
2970
2598
1854
1162
692
380
304
286
342
489
844
1326
2026
2267
2346
2066
1486
965
630
317
228
144
152
146
126
134
131
154
139
137
148
150
159
160
170
181
222
184
192
169
165
128
135
100
114
81
92
79
100
91
91
91
90
72
88
91
81
77
97
69
79
76
83
76
82
77
66
74
80
59
81
75
71
69
86
68
64
63
91
71
95
117
115
127
114
91
109
93
94
88
99
94
82
93
91
70
77
83
84
91
77
67
75
60
55
40
47
43
34
44
35
22
21
28
20
28
29
38
45
51
87
68
96
133
141
131
167
143
134
92
100
57
42
25
32
22
16
13
15
13
16
14
13
15
14
9
9
11
8
6
12
10
10
8
10
9
9
0
