4
50
38
0
0
0
0
0
2624
17061
4948
4719
5216
5757
7542
8659
6442
4469
4226
3864
3703
3491
3588
3789
3826
3248
2653
2422
2347
2241
2234
2216
2238
2158
2148
2196
2015
2002
2086
2113
2090
1839
1710
1937
2202
2480
2540
2299
1849
1789
2025
2581
3090
3283
2806
2186
1694
1501
1549
1519
1506
1463
1493
1480
1522
1440
1445
1500
1498
1543
1607
1561
1752
1894
2014
1979
1839
1712
1568
1534
1493
1280
1184
985
974
939
861
883
916
848
725
720
684
852
1172
1746
2349
2846
3040
2700
1847
1186
693
364
315
299
373
549
873
1371
1899
2216
2357
2030
1539
1013
575
372
222
175
141
153
153
136
144
151
140
147
152
153
160
166
184
181
189
163
213
176
145
138
112
129
92
116
89
89
79
81
80
76
87
106
77
96
73
73
94
83
74
91
74
89
77
80
84
77
88
84
72
69
82
70
78
72
68
78
77
103
92
112
127
109
115
112
105
75
96
94
83
71
82
90
76
71
78
87
90
72
65
72
74
61
55
57
49
52
44
27
30
31
29
22
29
26
26
30
40
52
67
85
100
125
147
160
132
138
159
84
71
66
45
29
23
20
20
20
22
10
12
12
14
9
14
9
11
8
9
10
12
4
8
13
13
16
5
0
