4
50
40
0
0
0
0
0
2605
17306
5067
4567
5290
5740
7525
8728
6478
4543
4202
3962
3582
3480
3485
3760
3917
3209
2687
2423
2250
2244
2252
2214
2203
2180
2145
2164
2090
2052
2131
2077
2168
1915
1670
1910
2200
2493
2659
2260
1819
1741
2059
2518
3117
3156
2858
2193
1650
1530
1577
1556
1515
1461
1430
1471
1461
1360
1465
1472
1475
1514
1567
1604
1687
1817
2016
2026
1946
1695
1559
1610
1469
1272
1198
1023
928
850
923
859
842
792
731
723
730
785
1144
1659
2382
2826
3051
2495
2015
1253
640
435
288
279
374
558
894
1389
1902
2268
2410
2021
1558
1007
616
282
183
156
161
148
131
147
146
150
146
136
149
126
131
166
192
196
204
167
198
166
160
140
121
113
89
99
100
101
98
81
116
81
86
84
99
77
81
88
82
94
90
63
83
93
97
68
69
63
82
84
76
86
80
61
77
68
78
80
74
76
100
102
111
126
114
122
96
89
80
85
70
74
67
80
87
79
79
79
88
74
74
70
72
48
63
52
37
43
44
41
49
33
25
42
37
37
42
48
43
52
73
89
108
118
142
158
153
140
136
94
86
53
52
36
26
20
22
20
12
10
12
7
13
18
12
12
10
4
16
7
12
5
8
7
7
13
10
0
