0
0
0
0
0
0
0
0
0
0
0
0
0
388
5035
13507
5823
4753
5309
6227
7723
7680
5814
4509
4078
3759
3524
3454
3595
3791
3463
2902
2520
2299
2228
2224
2205
2184
2164
2135
2130
2088
2051
2078
2084
2077
1923
1767
1886
2166
2432
2493
2214
1877
1828
2107
2584
2992
3025
2661
2080
1657
1542
1549
1528
1483
1438
1430
1452
1412
1383
1451
1457
1476
1520
1570
1630
1739
1890
1995
1948
1790
1610
1558
1501
1337
1203
1074
948
873
884
870
836
795
739
717
721
775
1083
1576
2269
2752
2998
2511
2024
1275
662
438
295
284
380
576
921
1404
1890
2229
2287
1943
1469
967
571
296
187
160
154
143
136
142
145
146
142
140
137
129
142
170
188
195
185
182
180
165
150
132
118
102
94
96
97
98
90
95
97
83
85
89
89
77
82
85
85
91
79
71
86
92
84
67
67
70
81
80
79
82
72
66
73
71
77
77
75
86
99
105
116
118
114
107
92
84
81
76
71
70
73
83
82
78
78
83
79
74
72
70
56
56
56
43
40
41
42
44
38
29
34
37
37
38
43
45
47
62
80
97
111
129
148
152
145
137
111
90
68
54
43
30
23
21
20
16
11
10
10
9
13
14
12
11
8
7
10
8
8
5
7
6
