0
0
0
0
0
0
0
0
0
0
0
0
0
357
4884
13491
5830
4755
5209
6202
7780
7756
5800
4519
4096
3792
3543
3510
3697
3823
3503
2911
2526
2392
2310
2226
2187
2136
2117
2161
2091
2008
1935
1944
2018
2066
1964
1837
1886
2103
2346
2450
2276
1945
1798
2016
2501
3003
3124
2703
2080
1661
1511
1524
1506
1499
1438
1399
1441
1408
1393
1449
1493
1502
1507
1535
1638
1764
1895
2019
1976
1812
1690
1555
1448
1383
1232
1060
951
879
859
856
847
824
782
721
680
793
1076
1462
2174
2768
3031
2768
1997
1257
714
441
298
288
346
538
860
1295
1756
2210
2272
2017
1529
981
588
351
228
171
149
137
137
144
149
149
146
137
136
142
153
167
181
190
190
187
174
153
141
135
124
106
97
107
109
94
92
91
78
77
84
93
100
82
74
77
87
80
87
80
64
72
84
75
81
70
75
83
73
70
77
77
75
78
79
86
88
101
101
102
107
115
108
104
97
83
81
85
84
79
74
85
98
88
77
92
88
79
77
66
55
55
55
53
50
46
38
33
31
31
29
25
22
31
44
51
54
56
72
98
120
135
137
140
149
134
108
97
81
58
42
29
27
26
15
14
16
13
11
11
10
9
10
11
13
9
12
7
9
10
11
12
