4
50
44
0
0
0
0
0
2425
17450
4930
4656
5133
5729
7559
8912
6407
4487
4275
3935
3660
3456
3612
3877
3890
3275
2650
2444
2389
2299
2220
2205
2135
2141
2223
2059
2034
1904
1988
2043
2162
1940
1804
1870
2158
2401
2579
2344
1924
1696
1971
2454
3095
3323
2881
2127
1679
1483
1563
1514
1533
1476
1393
1466
1436
1391
1447
1507
1518
1525
1516
1600
1735
1835
2022
2091
1898
1767
1666
1483
1453
1366
1160
1012
931
863
873
861
855
824
777
711
678
842
1161
1564
2353
2903
3103
2744
1895
1179
655
415
279
292
339
544
867
1330
1766
2344
2342
2096
1579
955
580
330
229
159
158
129
142
145
155
146
158
132
139
143
151
169
181
197
193
189
188
153
144
136
132
112
94
105
122
95
90
100
79
76
84
89
109
85
75
74
90
79
88
88
64
67
90
72
86
71
71
88
77
68
78
79
75
80
75
91
82
103
103
105
102
118
114
102
112
84
80
85
89
79
78
69
105
100
76
75
113
71
84
73
58
50
61
51
54
46
44
32
31
34
32
27
22
23
43
52
54
58
57
94
115
136
143
134
153
153
110
102
93
63
47
32
24
32
15
14
19
14
10
14
10
11
12
9
17
8
15
8
10
11
12
14
7
8
6
0
