0
0
0
0
0
0
0
0
0
0
0
0
0
416
5237
13640
5482
4770
5249
6221
7631
7631
5779
4598
4155
3878
3600
3550
3683
3824
3494
2929
2549
2375
2255
2259
2218
2162
2109
2234
2109
2033
1963
1992
2053
2064
1892
1784
1922
2160
2396
2414
2148
1856
1782
2084
2664
3157
3157
2645
2049
1676
1544
1529
1529
1480
1401
1406
1427
1436
1453
1438
1460
1507
1541
1567
1666
1814
1957
2039
1943
1761
1609
1517
1448
1356
1206
1076
986
908
866
843
820
776
739
670
673
820
1155
1716
2350
2770
2953
2531
1816
1059
590
378
297
292
381
620
974
1508
2012
2310
2309
1894
1334
815
469
273
188
159
157
142
134
126
142
143
135
131
145
140
153
175
195
217
201
197
167
153
144
133
108
103
98
78
100
86
86
79
93
86
78
87
98
76
81
94
79
73
70
73
77
74
75
75
72
72
69
66
69
64
67
70
70
73
79
87
93
96
98
96
97
100
103
101
101
92
78
75
79
80
77
79
84
88
93
91
85
77
69
63
57
55
53
47
42
35
31
27
26
27
25
25
28
29
37
51
61
65
92
93
95
110
142
150
140
121
104
74
63
40
28
21
23
21
13
12
11
10
8
9
11
12
10
13
13
9
6
9
10
7
10
11
