4
50
46
0
0
0
0
0
2727
17242
4869
4683
5087
5820
7262
8663
6473
4644
4371
3955
3814
3451
3645
3780
3916
3297
2732
2464
2352
2237
2291
2216
2167
2100
2322
2062
2061
1939
2021
2065
2151
1888
1710
1926
2149
2420
2584
2191
1896
1673
1922
2512
3186
3402
2927
2181
1741
1534
1547
1535
1548
1431
1386
1450
1427
1471
1459
1438
1499
1533
1575
1547
1769
1824
2079
2062
1956
1681
1621
1480
1482
1357
1185
1056
999
887
877
840
844
766
768
656
651
780
1086
1638
2349
2752
3080
2682
1984
1177
648
403
303
282
324
538
817
1339
1908
2280
2458
2123
1577
987
581
321
214
155
171
143
148
122
134
155
135
140
126
162
129
171
182
208
226
192
202
154
155
141
130
100
104
97
73
109
81
90
76
99
83
78
91
101
70
86
99
74
74
70
76
80
73
78
75
72
74
69
64
75
59
72
69
72
75
80
88
99
91
106
90
102
98
109
96
107
96
73
74
84
80
78
75
92
82
101
91
85
80
67
65
56
55
57
45
46
33
34
26
28
30
25
25
31
27
37
51
67
54
101
91
96
103
147
155
146
121
112
71
69
40
29
21
25
22
13
13
11
12
8
11
13
12
10
15
13
9
6
10
11
8
11
12
8
8
0
