0
0
0
0
0
0
0
0
0
0
0
0
0
388
4897
13048
6052
4708
5177
6068
7531
7702
5919
4534
4039
3821
3621
3541
3675
3782
3471
2925
2515
2361
2287
2232
2145
2078
2068
2105
2142
2076
2019
2029
2040
2008
1881
1792
1866
2097
2384
2507
2333
1955
1769
1922
2317
2848
3137
2774
2125
1699
1530
1540
1515
1498
1460
1477
1485
1419
1421
1417
1496
1507
1555
1556
1589
1732
1866
1969
1923
1798
1681
1609
1507
1422
1289
1116
996
919
886
848
821
788
760
734
710
758
953
1356
1969
2635
2933
2774
2269
1563
927
524
355
307
319
439
713
1120
1613
2050
2277
2159
1795
1260
742
439
275
199
158
146
152
157
150
157
157
150
143
139
150
166
186
177
192
189
165
167
153
126
128
123
114
98
93
88
79
91
92
85
84
91
78
89
95
96
90
75
80
78
76
79
71
80
80
73
71
67
67
66
63
72
82
72
66
78
82
83
89
96
106
109
106
103
102
100
90
91
82
74
90
86
77
75
76
81
82
75
85
77
68
68
63
55
47
41
41
34
36
35
33
30
24
22
23
29
39
42
56
70
91
119
138
155
141
128
117
99
88
75
55
44
34
23
21
16
11
9
9
10
10
12
13
12
8
14
18
10
6
6
7
10
