0
0
0
0
0
0
0
0
0
0
0
0
0
417
5261
13673
5358
4694
5221
6159
7711
7697
5776
4507
4047
3784
3640
3582
3697
3886
3502
2855
2469
2336
2339
2282
2250
2141
2110
2130
2157
2096
2023
2011
2047
1981
1825
1763
1913
2221
2473
2470
2170
1863
1845
2171
2684
3115
3091
2577
2004
1653
1517
1526
1504
1415
1425
1477
1470
1457
1455
1429
1434
1488
1541
1594
1680
1799
1943
2003
1949
1799
1648
1582
1503
1368
1183
1033
934
877
855
842
851
827
754
692
702
874
1209
1748
2340
2850
2854
2479
1837
1156
633
374
278
294
398
629
1014
1477
1951
2235
2217
1790
1333
836
454
270
205
156
146
153
163
160
158
142
129
132
146
157
166
175
194
204
196
204
165
150
133
122
120
93
95
97
90
89
84
100
93
80
91
76
84
83
90
79
82
73
88
92
84
75
73
74
73
70
66
64
60
64
68
69
76
76
80
84
89
92
99
110
116
110
111
109
92
82
77
75
80
86
89
85
83
85
84
79
80
82
77
68
59
53
51
44
33
32
35
31
26
25
26
27
31
34
33
45
57
61
78
99
114
126
136
147
154
125
91
72
65
52
30
24
21
17
14
15
15
16
10
8
7
10
8
7
9
14
11
9
5
7
11
6
