0
0
0
0
0
0
0
0
0
0
0
0
0
400
5062
13335
5685
4755
5263
6169
7729
7700
5777
4528
4102
3844
3620
3568
3693
3865
3498
2862
2465
2354
2270
2276
2200
2128
2132
2188
2206
2099
2018
1989
2022
1969
1850
1804
1876
2119
2374
2410
2197
1924
1789
1963
2471
3038
3152
2702
2058
1698
1570
1551
1547
1482
1466
1445
1392
1422
1430
1387
1455
1461
1514
1541
1600
1727
1893
2054
2026
1793
1604
1580
1498
1385
1253
1073
955
916
885
880
845
817
716
637
671
731
1066
1581
2226
2778
2930
2705
2065
1220
688
426
304
294
368
545
875
1363
1821
2210
2263
1984
1530
993
590
351
220
161
148
135
136
152
151
143
137
137
141
141
155
174
185
199
202
190
170
151
143
134
118
108
106
89
84
94
93
92
84
83
88
79
78
87
98
85
85
84
76
82
76
82
86
78
73
68
65
65
69
60
67
71
62
61
69
84
94
94
94
105
114
120
104
103
96
88
96
93
92
92
88
81
85
94
85
76
75
72
74
66
49
51
51
47
47
41
43
44
32
28
31
33
28
25
32
36
49
64
78
95
109
136
145
146
155
138
121
103
71
53
40
25
22
21
18
16
15
14
15
14
13
14
11
11
16
11
8
7
12
11
10
8
