4
50
49
0
0
0
0
0
2699
17181
4858
4618
5239
5686
7470
8869
6351
4568
4236
3974
3741
3537
3644
3823
3994
3211
2609
2374
2367
2251
2327
2171
2140
2159
2238
2246
2066
2036
1975
2099
1980
1822
1829
1815
2190
2435
2559
2183
1976
1680
1914
2332
3176
3330
2938
2083
1711
1585
1547
1600
1499
1478
1488
1404
1416
1487
1360
1479
1450
1521
1547
1561
1681
1799
2039
2139
2000
1620
1632
1580
1473
1359
1226
995
949
913
884
897
835
829
689
627
693
747
1149
1682
2346
2877
2975
2707
2026
1172
660
412
296
292
364
534
851
1376
1823
2283
2360
2056
1623
1017
596
353
224
147
158
137
125
161
157
142
144
129
152
135
152
174
189
194
218
193
182
152
146
139
129
103
114
103
69
103
91
97
87
79
94
80
79
78
107
87
84
92
72
88
75
79
90
80
77
69
67
61
77
60
64
77
63
62
62
80
92
101
85
107
106
127
116
95
116
80
99
95
92
97
89
86
77
93
99
76
76
78
68
81
57
42
60
47
48
50
36
50
41
25
29
36
32
25
25
40
36
61
72
87
107
118
156
143
154
163
120
122
89
52
51
28
20
25
19
17
15
15
17
15
11
19
12
8
21
12
9
6
13
12
11
10
5
8
10
0
