0
0
0
0
0
0
0
0
0
0
0
0
0
524
5446
12374
5230
4447
5036
6135
7808
7793
5749
4477
4086
3745
3556
3529
3681
3771
3374
2779
2369
2227
2207
2149
2128
1988
1966
2106
2104
2037
2029
2016
2073
2088
1943
1859
1998
2280
2550
2615
2316
1918
1721
1764
1944
2146
2175
1940
1697
1637
1659
1690
1665
1560
1525
1549
1543
1533
1556
1523
1536
1606
1659
1680
1825
2018
2113
2137
2083
1879
1712
1596
1542
1445
1287
1123
1005
938
931
907
899
852
784
722
741
889
1230
1772
2541
3071
3044
2661
1943
1103
637
388
302
316
410
659
1061
1599
2210
2460
2432
2007
1423
912
536
301
205
165
159
162
157
156
148
137
133
137
150
156
170
192
196
204
198
185
181
169
149
129
111
101
99
98
97
97
93
79
79
97
101
96
91
92
84
85
88
85
77
78
86
76
73
77
84
85
81
77
71
74
87
94
84
72
78
84
88
101
105
111
113
129
125
99
89
93
96
85
76
80
86
105
107
94
86
94
88
75
72
68
57
52
53
54
51
40
29
35
34
31
27
30
28
29
39
56
63
64
91
107
116
130
139
145
151
131
111
91
78
50
38
27
26
25
20
19
18
14
13
13
12
16
17
16
15
10
9
9
6
7
10
13
