0
0
0
0
0
0
0
0
0
0
0
0
0
631
5691
11401
5503
4336
4932
6029
7660
7844
5989
4618
4112
3769
3558
3495
3606
3753
3443
2819
2388
2216
2166
2145
2121
1999
1967
2019
2063
2033
1968
2045
2114
2093
1988
1888
1977
2202
2517
2662
2393
2007
1770
1706
1860
2060
2112
1972
1786
1623
1593
1626
1612
1611
1558
1472
1556
1566
1542
1546
1538
1601
1644
1657
1732
1884
2050
2110
2116
1962
1812
1676
1561
1490
1320
1138
1011
963
955
922
906
896
829
754
722
817
1074
1516
2153
2807
3136
2933
2259
1452
863
499
329
306
367
526
845
1349
1896
2303
2426
2231
1762
1199
749
417
243
162
134
138
139
142
157
158
149
146
143
150
166
170
184
217
231
200
172
159
162
164
127
118
117
99
89
90
92
83
92
87
87
76
79
85
89
99
88
81
79
77
71
71
80
84
77
70
72
71
68
73
85
72
58
67
76
80
85
87
94
110
121
120
110
105
104
95
89
92
98
95
81
72
79
88
84
84
86
90
81
75
64
62
60
53
58
51
43
39
35
28
26
29
31
36
28
40
46
55
67
88
105
139
157
158
163
147
119
101
92
65
47
41
25
23
19
13
16
17
13
11
10
8
10
15
15
10
9
7
10
11
11
12
