4
50
3
0
0
0
0
0
4426
14592
4649
4167
4860
5648
7467
9036
6509
4565
4300
3914
3607
3539
3540
3792
3872
3126
2507
2278
2202
2188
2166
2138
1935
2047
2042
2150
1999
1966
2165
2118
2183
1910
1890
2025
2256
2682
2835
2316
1963
1741
1673
1915
2137
2184
1989
1807
1616
1610
1660
1632
1642
1589
1483
1579
1590
1565
1570
1552
1618
1669
1670
1729
1864
2080
2121
2203
2041
1856
1767
1567
1566
1429
1183
1066
950
990
952
910
923
895
782
730
727
924
1265
1816
2559
3153
3242
2748
1885
1121
667
366
305
310
415
592
1020
1599
2160
2495
2480
2200
1531
1047
580
323
201
138
128
156
125
159
162
162
144
154
138
161
173
172
191
233
239
190
170
159
168
165
119
118
121
95
89
94
96
82
98
85
90
74
83
89
92
106
83
82
80
78
70
74
85
89
76
68
79
69
72
68
109
54
58
74
81
82
93
82
100
115
129
122
105
109
107
91
91
94
105
94
79
67
88
94
79
91
84
99
75
80
59
66
58
51
63
47
42
38
34
26
28
33
34
39
24
49
47
60
74
99
113
158
164
158
170
138
110
96
91
49
43
39
14
31
11
15
21
16
10
12
7
10
15
20
9
13
6
11
12
10
16
6
6
4
10
0
