4
50
5
0
0
0
0
0
3716
15443
4677
4306
4930
5574
7498
9161
6457
4631
4203
3970
3641
3456
3506
3813
3774
3235
2581
2360
2250
2122
2218
2038
1988
2058
2139
2170
2041
2030
2106
2147
2113
1925
1774
1898
2320
2664
2737
2317
1980
1646
1714
1915
2100
2240
2067
1708
1670
1611
1668
1653
1632
1477
1544
1537
1504
1589
1535
1518
1638
1651
1664
1616
1802
2036
2177
2204
2070
1837
1718
1661
1523
1476
1247
1085
965
930
967
891
874
824
781
747
726
825
1208
1916
2584
3088
3248
2722
2013
1247
659
385
296
304
388
617
1019
1502
2039
2458
2526
2166
1630
1012
553
327
207
150
163
154
152
142
132
141
149
135
125
143
166
181
187
202
230
194
169
167
150
151
137
130
121
87
113
102
86
96
86
95
92
84
99
78
99
94
86
84
78
81
75
82
85
82
54
82
83
84
73
75
71
85
66
80
71
82
90
90
103
110
111
119
131
124
107
91
99
95
108
103
99
77
88
90
79
90
99
97
72
72
53
67
74
55
53
48
41
40
30
33
43
33
27
20
34
47
39
61
81
88
121
125
148
155
165
167
131
98
68
51
50
24
23
28
26
23
15
18
16
8
20
21
12
9
14
9
10
9
11
13
14
10
17
9
11
0
