0
0
0
0
0
0
0
0
0
0
0
0
0
556
5555
12207
5299
4462
5028
6106
7868
7903
5856
4540
4089
3790
3536
3460
3636
3737
3424
2831
2443
2274
2147
2166
2074
1984
2019
2095
2129
2057
2022
2069
2109
2070
1928
1821
1941
2275
2574
2584
2293
1935
1715
1746
1919
2095
2140
1947
1722
1638
1622
1642
1631
1560
1492
1526
1510
1521
1552
1516
1554
1627
1638
1637
1702
1906
2087
2158
2092
1915
1749
1656
1561
1457
1306
1122
994
936
938
903
866
826
781
745
731
826
1183
1843
2510
3019
3183
2699
1993
1224
644
377
295
307
406
656
1065
1556
2067
2422
2416
2039
1494
924
519
307
197
157
157
153
147
138
135
141
141
131
131
148
167
179
191
210
208
184
169
157
150
142
133
125
104
100
104
94
91
90
90
92
87
90
88
87
96
90
85
81
78
78
77
82
81
69
67
81
82
78
72
73
75
76
71
76
76
85
90
96
105
109
114
123
124
112
97
94
97
101
104
99
85
82
87
83
85
94
96
80
71
58
61
70
60
53
49
42
40
33
30
38
35
29
22
28
41
40
53
73
84
109
120
139
149
159
163
140
107
77
56
51
32
24
24
25
24
18
17
16
11
14
18
16
11
10
11
9
8
9
11
12
11
12
