4
50
6
0
0
0
0
0
3531
15658
4666
4344
4953
5853
7496
8985
6396
4512
4179
3785
3553
3471
3650
3774
3760
3051
2541
2402
2230
2193
2146
2071
2010
2048
2189
2193
2123
2020
2141
2182
2172
1897
1794
2001
2270
2675
2765
2317
1894
1667
1678
1908
2163
2191
2034
1696
1624
1594
1707
1671
1674
1520
1491
1573
1576
1530
1522
1547
1614
1686
1600
1747
1840
2035
2118
2131
2129
1868
1619
1638
1569
1425
1217
1043
959
934
899
900
925
843
819
715
696
886
1298
1873
2580
3174
3190
2711
1916
1147
647
409
313
325
399
581
979
1513
2196
2375
2542
2137
1630
979
548
328
223
175
154
141
146
155
161
136
138
143
148
147
153
164
187
223
200
186
196
166
150
114
136
117
119
103
107
101
101
90
107
94
78
90
85
86
100
94
89
93
82
84
89
98
101
97
83
70
73
89
77
79
83
81
67
83
99
69
98
101
115
124
114
130
116
126
107
92
89
114
113
77
88
104
93
83
84
97
77
87
75
83
60
61
59
70
43
44
36
42
39
23
42
27
30
36
44
38
61
66
79
91
124
116
154
153
157
152
142
111
74
59
49
33
20
20
11
9
15
16
12
10
11
14
18
17
11
9
15
14
13
14
11
9
9
12
13
0
