0
0
0
0
0
0
0
0
0
0
0
0
0
479
5165
12254
5568
4423
5033
6089
7753
7877
5875
4432
4014
3786
3547
3486
3612
3667
3339
2826
2415
2268
2186
2157
2084
1953
1970
2035
2106
2096
2042
2067
2095
2017
1900
1834
1924
2190
2501
2592
2334
1969
1733
1710
1879
2071
2141
1988
1760
1629
1610
1634
1630
1597
1541
1497
1529
1612
1515
1537
1531
1574
1637
1642
1724
1902
2052
2140
2067
1896
1738
1663
1614
1459
1308
1150
1027
969
932
916
907
833
782
742
751
842
1112
1646
2292
2925
3156
2874
2126
1390
808
467
322
295
371
566
934
1416
1908
2349
2498
2224
1718
1137
667
392
247
181
150
141
136
137
153
162
157
147
140
146
165
192
202
206
215
210
196
165
158
152
125
110
120
92
88
76
89
98
92
86
79
75
87
82
81
80
91
88
92
93
91
83
87
66
71
74
79
79
77
85
87
83
79
78
75
78
91
97
104
114
115
132
136
117
99
93
88
80
83
88
92
96
86
81
86
87
82
79
75
70
74
70
56
54
52
50
45
37
36
34
28
27
25
27
35
41
54
57
69
97
124
137
152
169
141
147
125
96
80
63
47
33
22
21
15
14
12
22
18
15
9
9
8
9
10
11
12
10
13
12
10
10
