0
0
0
0
0
0
0
0
0
0
0
0
0
472
5200
12407
5279
4448
5055
6096
7749
7808
5837
4540
4085
3707
3525
3512
3613
3722
3414
2814
2364
2235
2227
2191
2116
2030
2049
2092
2146
2073
2012
2068
2132
2085
1972
1917
2047
2311
2569
2602
2328
1941
1722
1739
1918
2091
2094
1956
1731
1601
1580
1579
1638
1602
1538
1534
1551
1550
1510
1492
1590
1547
1610
1675
1834
1972
2104
2200
2082
1894
1724
1626
1578
1437
1276
1116
984
926
911
863
825
800
729
720
742
893
1192
1745
2505
2990
3196
2746
2044
1243
635
422
298
299
424
614
1006
1551
2072
2387
2386
2080
1526
973
562
333
210
172
162
158
159
149
139
145
147
140
146
157
166
187
209
214
202
194
189
174
155
142
125
111
102
88
84
91
87
86
92
90
75
78
83
76
86
97
86
73
86
91
84
80
89
94
87
86
81
84
77
70
69
70
77
88
91
82
87
92
106
121
132
131
129
114
103
95
87
82
79
85
81
86
96
96
84
85
81
82
79
78
68
61
56
54
47
41
35
31
30
26
28
31
33
34
37
39
52
72
84
113
122
138
147
167
168
138
103
82
70
56
43
34
23
18
15
12
14
17
17
14
13
14
13
12
11
11
7
6
8
8
6
7
