4
50
13
0
0
0
0
0
2970
16305
4643
4350
5024
5713
7410
8914
6556
4482
4288
3779
3595
3529
3448
3725
3801
3106
2509
2297
2216
2259
2175
2174
2134
2040
2160
2154
1996
2045
2014
2066
2049
1919
1805
1980
2278
2693
2708
2365
1973
1649
1735
1901
2062
2190
1983
1762
1550
1565
1624
1682
1618
1572
1545
1530
1608
1564
1588
1499
1604
1652
1692
1750
1940
2085
2107
2289
1986
1867
1721
1657
1601
1354
1222
1053
1059
936
901
852
957
856
773
695
774
878
1254
1861
2583
3124
3304
2734
1881
1195
636
384
310
288
399
595
978
1572
2133
2424
2591
2122
1615
1038
572
320
231
177
141
160
141
145
163
161
139
149
109
139
176
182
239
202
217
218
181
168
156
152
105
103
101
104
93
95
102
92
97
95
99
83
83
97
102
80
96
89
84
78
84
61
75
75
99
97
94
67
83
96
74
92
62
79
84
66
101
98
114
119
130
151
120
102
110
72
112
82
100
84
106
86
91
71
96
88
82
71
58
72
57
62
48
35
46
43
38
33
35
29
28
33
30
35
36
37
51
68
57
93
121
144
140
166
143
159
122
111
93
61
55
36
20
19
19
11
20
15
6
12
14
13
7
15
4
14
14
16
12
12
11
5
7
14
11
0
