4
50
14
0
0
0
0
0
2923
16292
4639
4277
4940
5688
7652
8979
6488
4372
4209
3810
3619
3462
3412
3853
3832
3155
2479
2387
2302
2201
2265
2151
2185
2003
2153
2139
2033
1997
2069
2188
2142
1897
1842
2048
2304
2718
2629
2283
1915
1635
1754
1936
2146
2162
2025
1773
1643
1600
1686
1645
1613
1546
1572
1570
1522
1589
1569
1555
1594
1743
1673
1605
1867
2002
2191
2114
1993
1892
1694
1615
1575
1345
1220
1063
1007
940
906
931
880
826
777
755
794
874
1192
1798
2657
3154
3220
2789
1897
1174
669
370
302
301
419
625
984
1528
2061
2441
2592
2224
1552
971
555
304
217
173
144
133
142
157
142
128
148
129
150
154
168
192
216
205
213
186
191
176
157
153
119
126
121
113
97
87
95
96
91
95
95
93
84
95
93
86
83
86
88
82
65
91
94
87
79
92
92
62
75
87
70
81
79
73
86
82
89
121
86
123
135
114
111
129
95
111
77
77
109
76
110
92
85
79
84
95
89
70
57
71
59
66
45
46
47
47
37
29
39
43
29
31
28
34
35
37
46
71
89
89
110
125
138
168
159
126
145
103
84
65
35
34
20
17
16
18
10
14
15
21
14
14
12
14
10
12
13
8
14
9
7
9
6
12
11
0
