0
0
0
0
0
0
0
0
0
0
0
0
0
401
4916
12744
5555
4471
5059
6129
7787
7797
5839
4522
4068
3787
3552
3434
3583
3794
3474
2796
2448
2278
2197
2146
2063
1966
1975
2059
2052
2016
2002
2038
2079
2063
1947
1847
1977
2289
2603
2683
2365
1929
1719
1740
1898
2072
2097
1933
1660
1563
1578
1621
1620
1586
1536
1513
1506
1544
1507
1504
1567
1589
1634
1655
1760
1906
2073
2141
2091
1975
1742
1622
1574
1467
1302
1145
1027
966
966
922
887
830
784
729
768
823
1085
1648
2419
2951
3157
2871
2136
1308
759
456
316
299
392
593
934
1437
2017
2357
2408
2128
1604
1044
633
366
224
164
148
152
152
158
156
149
149
146
145
146
158
182
199
211
205
193
176
155
143
133
120
117
106
103
98
95
102
92
87
82
87
80
86
83
82
72
90
96
81
66
74
82
74
80
76
84
73
73
70
57
78
81
81
86
96
89
87
96
102
119
120
121
118
110
113
104
93
87
82
85
87
86
84
87
94
91
87
89
83
74
67
58
51
48
44
37
32
28
31
33
30
28
29
32
42
48
53
61
76
89
102
119
160
155
146
134
119
99
79
66
46
32
30
21
21
13
13
16
18
12
12
9
13
14
11
11
17
10
4
12
9
6
