4
50
19
0
0
0
0
0
2674
16782
4566
4279
4997
5522
7494
9050
6438
4458
4238
3920
3639
3349
3559
3701
3786
3142
2488
2339
2340
2224
2236
2111
2102
2028
2158
2071
1990
1990
2119
2180
2112
2011
1732
1966
2344
2713
2718
2395
1889
1646
1720
1888
2092
2179
2119
1788
1607
1636
1646
1665
1572
1550
1656
1489
1604
1537
1582
1508
1631
1623
1648
1674
1871
1937
2141
2250
1999
1840
1671
1647
1509
1409
1264
1088
1052
953
930
889
856
826
796
729
759
894
1241
1850
2507
3187
3243
2761
1891
1110
660
378
311
311
385
579
967
1524
2079
2471
2503
2217
1568
1031
565
330
216
173
137
166
161
153
144
153
124
168
145
156
165
178
190
206
200
208
217
181
139
128
136
109
104
102
100
104
88
92
105
83
114
78
94
82
88
95
84
108
75
92
76
86
77
81
81
97
80
71
81
75
64
83
76
74
89
78
90
94
112
138
117
117
133
103
122
106
90
97
95
94
86
105
94
101
88
97
98
113
80
70
73
66
64
56
58
48
39
46
37
29
34
31
35
25
24
24
42
79
85
85
122
119
147
162
163
155
119
117
69
58
48
21
30
20
22
13
22
12
17
17
8
16
14
10
12
13
19
11
10
8
8
12
9
12
12
0
