4
50
20
0
0
0
0
0
2647
16676
4612
4389
4946
5632
7557
9208
6400
4520
4207
3919
3494
3391
3433
3781
3819
3109
2524
2338
2239
2264
2177
2067
2037
2074
2016
2173
2149
2012
2080
2224
2087
1875
1804
1916
2282
2615
2728
2433
1925
1727
1708
1893
2243
2129
2026
1791
1595
1625
1665
1607
1569
1580
1626
1519
1602
1542
1497
1518
1548
1628
1678
1717
1878
2033
2216
2226
2095
1808
1648
1589
1542
1391
1227
1002
1011
941
919
867
887
843
804
717
754
840
1250
1789
2657
3107
3201
2728
2023
1118
659
392
314
296
411
599
971
1491
2123
2546
2593
2140
1621
964
549
324
234
165
144
176
166
157
164
136
172
136
137
129
174
189
199
225
204
219
181
189
159
134
131
95
112
104
104
98
98
87
104
82
91
101
85
85
77
90
97
86
83
81
80
88
84
84
77
87
69
74
77
92
78
77
79
88
86
83
82
117
91
121
123
116
111
116
108
89
100
82
96
88
88
93
85
93
111
84
85
79
87
82
78
56
60
42
43
54
39
26
29
35
31
29
35
27
35
55
50
60
81
100
104
164
158
177
146
144
128
98
105
69
34
36
30
17
14
12
18
14
13
11
13
13
9
16
13
9
12
6
6
5
8
9
10
8
9
0
