0
0
0
0
0
0
0
0
0
0
0
0
0
362
4767
12896
5513
4437
5067
6196
7858
7813
5809
4485
4078
3737
3423
3351
3557
3670
3433
2870
2412
2229
2231
2192
2042
1990
2019
2072
2076
2007
1992
2030
2063
2027
1927
1867
1978
2270
2583
2636
2342
1953
1753
1798
1956
2093
2122
1946
1739
1627
1613
1635
1618
1602
1538
1552
1532
1520
1500
1517
1556
1614
1600
1645
1744
1889
2053
2191
2083
1872
1731
1613
1566
1472
1274
1076
996
963
938
921
899
871
790
733
717
836
1195
1740
2339
2992
3215
2772
2040
1280
745
430
301
288
406
626
975
1543
2047
2421
2450
2101
1581
1016
606
342
220
177
157
148
151
156
159
162
155
150
145
149
167
186
199
204
214
222
211
180
158
138
128
123
105
100
92
95
86
81
73
78
93
85
78
77
84
82
87
85
89
80
90
77
80
88
73
68
80
82
86
79
83
72
68
74
89
89
89
98
122
135
127
116
102
103
106
95
85
95
99
95
91
92
90
86
87
88
89
84
77
70
65
62
57
53
39
34
36
30
27
31
30
29
29
31
39
46
62
78
87
103
121
139
140
136
145
140
123
104
76
57
51
33
18
14
17
18
17
13
12
10
7
8
12
13
8
10
8
13
8
11
9
8
