0
0
0
0
0
0
0
0
0
0
0
0
0
378
4827
12794
5396
4450
5118
6208
7868
7841
5792
4492
4047
3712
3502
3437
3668
3839
3397
2786
2397
2237
2159
2162
2107
2072
1991
2075
2117
2061
2020
2062
2150
2110
1923
1852
1994
2289
2550
2555
2294
1926
1685
1728
1950
2116
2094
1930
1727
1590
1602
1636
1618
1519
1544
1561
1567
1601
1512
1552
1540
1562
1642
1658
1721
1912
2089
2085
2021
1940
1738
1630
1567
1475
1307
1110
981
937
929
901
840
825
787
755
728
846
1242
1738
2437
2955
3236
2827
2041
1213
718
403
310
295
425
633
1015
1528
2090
2383
2397
2106
1550
976
565
325
214
169
149
146
148
151
157
144
129
138
148
147
164
186
207
215
203
195
181
160
151
137
126
124
114
104
96
95
96
87
83
93
91
89
87
78
85
87
79
77
80
92
88
81
76
81
84
86
81
75
73
67
76
72
70
80
94
89
82
97
116
126
128
119
120
112
98
111
96
78
83
82
78
80
84
89
81
75
78
78
79
83
81
71
53
50
52
41
33
29
28
30
34
30
25
37
46
48
55
71
79
107
136
142
146
154
158
141
104
78
66
54
42
34
28
21
15
14
13
10
12
13
11
10
11
12
11
9
6
10
6
10
7
10
