4
50
23
0
0
0
0
0
2534
16660
4589
4318
5002
5558
7538
9048
6455
4517
4388
3856
3673
3474
3546
3941
3773
3135
2524
2230
2268
2234
2130
2121
2013
1962
2084
2121
2071
2001
2019
2162
2148
1901
1844
1982
2221
2772
2762
2377
1874
1694
1725
1876
2220
2102
2086
1783
1599
1566
1638
1639
1599
1535
1510
1586
1587
1538
1574
1506
1597
1627
1607
1753
1963
2016
2202
2143
1997
1866
1699
1683
1616
1338
1259
1037
1022
953
933
927
841
863
819
708
736
914
1317
1912
2687
3173
3268
2708
1894
1134
652
410
315
312
387
626
1016
1525
2207
2430
2531
2061
1567
923
569
343
167
148
134
159
142
152
154
127
145
138
149
165
158
170
197
208
209
177
174
154
155
156
144
107
97
99
100
107
94
103
93
99
97
75
81
82
90
104
68
79
88
82
90
80
80
95
71
70
74
67
107
73
69
78
69
85
83
94
87
107
111
115
118
107
114
134
115
89
97
82
83
90
80
82
92
80
84
97
106
88
76
81
74
56
59
37
46
52
38
36
33
30
34
22
33
28
44
41
50
51
89
93
113
129
170
148
159
123
107
102
73
58
39
35
25
15
17
13
11
17
15
10
18
14
17
17
16
9
11
10
7
10
19
12
13
14
10
0
