4
50
24
0
0
0
0
0
2402
16804
4624
4196
4953
5558
7433
9007
6492
4517
4291
3812
3614
3470
3562
3902
3891
3078
2459
2327
2190
2154
2144
2154
1986
2014
2171
2122
2093
2063
2181
2169
2112
1885
1771
2012
2345
2627
2747
2342
1909
1681
1789
1901
2101
2383
1984
1748
1573
1586
1671
1622
1554
1593
1576
1618
1604
1573
1490
1567
1628
1636
1663
1740
1838
1961
2253
2249
2018
1847
1614
1678
1586
1346
1209
1049
959
956
896
913
877
793
768
724
735
919
1285
1854
2681
3099
3191
2698
1914
1189
664
387
318
304
411
618
1011
1540
2086
2536
2519
2165
1597
1029
586
316
211
164
145
182
146
154
145
135
161
143
151
149
165
170
184
217
221
210
195
192
165
139
122
120
130
105
108
104
101
82
90
80
108
81
97
85
84
94
86
87
77
79
96
76
69
90
74
81
71
71
89
74
84
80
78
91
81
75
101
92
109
112
113
130
118
102
104
108
93
89
80
85
78
93
99
92
76
88
80
86
76
77
74
52
54
59
43
52
45
41
28
34
20
37
24
28
39
31
45
55
78
111
132
116
144
128
160
130
131
104
64
64
60
34
25
27
20
13
16
23
12
13
16
8
9
18
15
4
13
14
12
11
10
10
12
4
12
0
