4
50
26
0
0
0
0
0
2440
16365
4578
4383
4925
5678
7745
8998
6366
4439
4258
3899
3654
3549
3641
3908
3831
3137
2599
2293
2118
2177
2124
2174
2091
2035
2115
2204
2030
2042
2065
2152
2079
1887
1834
2005
2272
2647
2654
2322
1919
1693
1782
1951
2125
2115
1989
1775
1647
1642
1698
1642
1661
1501
1602
1573
1555
1527
1541
1477
1523
1619
1652
1707
1829
2068
2180
2208
2024
1808
1756
1639
1519
1389
1161
1058
1020
926
950
887
874
836
803
742
765
867
1251
1904
2635
3228
3159
2675
1888
1179
647
379
294
297
398
641
1025
1627
2143
2495
2539
2161
1580
1010
593
330
194
161
159
149
151
155
152
140
150
155
149
153
158
203
177
212
221
206
204
183
152
132
106
114
108
111
100
84
78
86
95
84
100
85
84
72
79
95
102
81
82
102
78
88
81
80
84
90
92
82
65
80
69
88
89
81
85
82
100
88
97
130
110
123
122
112
101
107
92
91
88
92
84
92
99
104
96
86
72
87
80
83
58
62
60
56
57
31
33
42
31
39
28
29
23
33
47
45
56
70
75
114
113
144
143
143
164
169
134
88
69
63
46
25
27
24
25
14
18
11
12
11
18
12
10
11
10
8
10
17
11
9
14
11
5
11
5
0
