0
0
0
0
0
0
0
0
0
0
0
0
0
329
4483
12534
5836
4365
4925
6032
7771
7931
5960
4585
4064
3778
3556
3419
3561
3715
3434
2855
2424
2260
2209
2168
2116
2023
2038
2099
2131
2116
2009
1983
2042
2053
1962
1849
1928
2208
2510
2633
2371
1960
1732
1751
1855
2038
2148
1954
1728
1629
1551
1602
1597
1636
1480
1553
1576
1597
1574
1514
1509
1573
1591
1640
1736
1853
1970
2092
2059
1908
1813
1766
1636
1529
1352
1151
1011
959
951
931
881
844
795
742
711
766
1012
1545
2171
2802
3216
2999
2299
1526
878
480
333
305
350
511
829
1295
1851
2330
2465
2241
1765
1228
702
403
258
177
153
151
159
153
154
154
160
153
148
147
153
167
180
212
214
209
202
190
161
154
135
114
105
106
93
90
90
91
93
94
97
95
81
87
93
94
83
76
89
85
73
74
79
79
76
82
88
83
76
73
76
72
67
71
80
84
82
95
115
114
110
115
113
113
95
85
84
84
86
78
84
96
90
84
88
86
87
93
84
77
65
58
58
58
56
49
38
37
40
41
37
28
28
34
32
39
49
59
64
81
100
125
146
143
146
132
116
102
78
67
53
36
29
23
17
12
13
13
12
11
9
12
13
10
11
12
12
11
11
6
13
10
