0
0
0
0
0
0
0
0
0
0
0
0
0
330
4525
12680
5842
4385
4995
6096
7663
7806
5932
4530
4008
3670
3477
3474
3595
3692
3413
2871
2450
2224
2153
2156
2143
2053
1980
2018
2061
2039
2014
2027
2072
2076
1973
1866
1927
2184
2523
2653
2402
1969
1704
1708
1895
2120
2158
2016
1709
1612
1581
1620
1572
1545
1491
1488
1630
1609
1522
1551
1511
1503
1578
1577
1686
1840
2009
2112
2079
1918
1749
1666
1603
1512
1362
1194
1046
977
956
887
850
836
794
752
749
830
1023
1481
2169
2817
3127
2922
2368
1627
943
553
357
307
347
494
802
1259
1824
2292
2436
2303
1869
1250
761
438
262
181
167
169
153
149
163
152
141
138
131
147
161
180
181
184
209
206
191
195
173
134
126
125
116
107
96
86
93
99
95
97
108
93
87
92
84
82
84
81
81
83
82
80
89
94
91
84
88
74
66
70
80
81
69
68
73
83
88
89
107
125
128
124
114
103
99
92
93
97
88
83
81
86
91
99
101
94
82
81
86
84
70
58
59
57
49
42
46
47
39
35
36
31
26
33
35
39
49
54
60
83
106
129
159
163
146
142
134
117
87
53
54
53
31
15
20
21
23
15
12
16
14
13
15
10
9
12
13
7
17
10
9
6
