4
50
29
0
0
0
0
0
2200
16489
4690
4239
5014
5644
7574
9128
6373
4601
4191
3860
3526
3392
3509
3812
3792
3237
2530
2295
2221
2182
2103
2060
2030
2098
2137
2169
1980
2036
2061
2197
2131
1927
1911
1923
2362
2648
2792
2308
1907
1708
1719
1937
2088
2271
2040
1707
1685
1617
1619
1705
1637
1552
1538
1538
1643
1572
1527
1540
1575
1629
1677
1664
1871
2061
2227
2161
1985
1758
1746
1604
1528
1440
1205
1084
970
936
934
928
907
865
765
711
731
919
1292
1940
2622
3078
3221
2685
1954
1129
659
417
336
321
426
641
1028
1525
2152
2531
2598
2223
1537
962
582
326
210
166
143
142
153
164
168
149
127
140
149
161
178
177
198
225
212
225
178
165
154
128
126
125
103
100
114
90
82
92
81
95
91
88
100
80
87
90
107
108
74
79
77
68
69
93
67
77
79
81
79
78
73
87
79
82
81
93
102
87
115
121
122
119
125
113
100
123
85
87
83
99
95
94
96
94
78
73
101
96
73
74
52
54
60
52
49
59
42
40
33
49
42
30
27
29
30
43
60
50
81
99
126
127
160
171
161
142
123
99
71
48
56
27
23
23
13
18
10
10
20
13
14
14
17
10
17
11
12
10
12
11
14
8
12
7
4
0
