4
50
30
0
0
0
0
0
2296
16982
4513
4365
5098
5527
7585
9128
6400
4550
4287
3854
3670
3381
3519
3824
3772
3166
2562
2385
2229
2229
2171
2130
2043
2041
2071
2147
2042
2037
2128
2043
2016
1919
1891
2007
2303
2716
2837
2355
1788
1697
1759
1837
2180
2327
2019
1726
1613
1547
1609
1688
1598
1508
1520
1540
1646
1655
1541
1588
1578
1608
1595
1663
1775
2093
2142
2183
2024
1837
1686
1593
1547
1341
1231
993
985
945
953
940
833
834
761
707
768
954
1248
1929
2675
3173
3118
2695
1933
1140
569
362
309
285
399
632
1013
1576
2117
2517
2558
2113
1592
934
570
320
208
168
122
148
164
165
151
153
150
138
152
166
142
190
207
217
215
176
194
170
147
166
129
121
101
113
105
94
93
93
88
92
103
90
102
83
81
91
84
69
77
106
84
84
80
76
83
84
91
61
72
83
87
77
79
82
75
83
76
107
102
117
131
112
118
104
124
102
95
83
98
83
77
121
84
100
78
120
97
110
73
79
57
70
56
53
61
42
43
33
32
26
40
37
37
36
33
41
54
74
68
86
103
131
168
144
170
151
124
89
80
54
52
30
28
15
23
22
23
12
17
10
10
11
6
7
9
10
12
9
12
12
12
12
8
7
8
0
