0
0
0
0
0
0
0
0
0
0
0
0
0
340
4717
13099
5480
4393
5030
6177
7810
7809
5824
4435
3977
3695
3484
3459
3659
3734
3368
2792
2433
2263
2179
2218
2097
2041
2029
2078
2083
2068
2026
2040
2100
2085
1967
1885
1993
2299
2575
2615
2363
1976
1738
1749
1945
2151
2141
1935
1679
1571
1576
1606
1572
1516
1519
1520
1484
1549
1573
1571
1536
1560
1612
1679
1739
1926
2111
2167
2049
1925
1761
1637
1573
1450
1285
1113
1012
963
915
885
850
810
806
752
770
861
1210
1830
2462
2985
3123
2797
2032
1190
674
414
311
306
421
622
1013
1504
2051
2378
2387
2056
1526
985
585
314
191
165
164
164
162
154
152
158
153
139
138
151
173
192
204
210
206
205
201
176
146
133
114
106
93
80
78
86
87
96
87
76
88
93
84
85
100
100
89
87
85
77
71
76
82
92
98
83
83
72
70
74
71
84
76
74
79
92
102
107
105
116
114
105
118
112
105
96
92
98
103
101
101
100
95
96
89
85
87
87
78
69
62
57
51
45
43
42
38
35
31
28
27
28
28
27
32
43
57
74
94
108
122
133
148
163
153
137
120
91
73
59
49
26
23
22
19
16
15
14
11
10
9
7
6
8
12
9
7
9
12
7
14
9
