0
0
0
0
0
0
0
0
0
0
0
0
0
345
4687
12960
5710
4459
4961
5992
7670
7760
5890
4584
4084
3786
3544
3441
3605
3727
3434
2850
2446
2232
2163
2193
2126
2070
2028
2042
2089
2057
2046
2074
2057
2028
1959
1869
1944
2241
2581
2624
2310
1969
1730
1693
1870
2080
2158
1970
1770
1675
1604
1627
1609
1523
1492
1536
1489
1531
1568
1547
1515
1525
1647
1700
1767
1948
2094
2121
2054
1838
1667
1604
1594
1435
1243
1122
1026
976
960
915
881
851
772
735
735
824
1145
1649
2318
2919
3158
2876
2090
1318
767
445
319
302
381
583
934
1438
1964
2365
2506
2219
1633
1073
649
375
240
176
141
134
147
156
156
144
136
135
130
143
173
180
186
214
217
197
196
177
170
139
117
104
112
107
100
115
91
95
91
98
90
91
77
106
89
98
92
90
80
90
79
78
88
83
82
82
76
79
76
82
80
88
79
75
76
79
93
108
117
125
131
123
111
101
94
92
96
103
96
88
90
88
81
78
82
90
86
77
74
73
71
64
53
43
39
38
39
38
35
33
29
27
26
30
41
37
43
54
73
95
114
129
132
159
139
134
119
91
81
67
48
35
32
18
16
15
14
12
20
12
14
9
9
11
10
12
13
11
10
12
10
7
