0
0
0
0
0
0
0
0
0
0
0
0
0
306
4441
12816
5865
4397
5023
6075
7647
7737
5901
4551
4101
3778
3553
3465
3567
3756
3494
2847
2413
2246
2151
2142
2133
2087
2044
2030
2067
2030
1988
2034
2091
2094
1965
1888
2014
2238
2529
2623
2338
1988
1713
1679
1851
2041
2117
2030
1776
1647
1578
1611
1612
1607
1544
1544
1540
1572
1529
1478
1521
1502
1540
1669
1739
1854
1990
2138
2108
1939
1806
1673
1559
1479
1350
1200
1076
963
925
941
928
863
780
733
726
812
1052
1536
2180
2812
3125
2962
2353
1496
858
511
340
304
355
529
843
1292
1818
2237
2428
2261
1760
1194
708
404
232
170
162
152
147
140
149
151
141
141
137
148
160
193
202
193
198
209
205
180
159
140
140
120
84
99
92
96
84
87
80
78
89
88
97
84
83
97
92
80
81
87
88
90
72
66
75
83
87
75
71
73
77
80
76
76
81
86
85
87
88
106
122
124
119
120
122
109
91
92
92
87
86
90
90
79
84
97
89
75
75
73
66
64
56
52
51
47
34
33
31
31
36
36
32
34
35
34
41
51
63
75
99
128
142
148
148
134
119
110
91
66
52
40
28
26
20
17
14
13
11
11
12
12
12
15
19
14
13
12
6
4
10
19
