4
50
33
0
0
0
0
0
2157
17059
4701
4196
5016
5663
7574
8875
6408
4465
4267
3952
3592
3536
3481
3771
3914
3186
2491
2329
2217
2146
2197
2137
2104
2045
2072
2136
1992
2039
2072
2168
2145
1887
1895
2110
2268
2753
2714
2260
1982
1613
1703
1904
2120
2175
2084
1749
1667
1583
1644
1636
1637
1564
1569
1563
1598
1556
1496
1549
1522
1538
1694
1743
1865
1977
2181
2209
1985
1863
1738
1587
1531
1437
1238
1132
1005
905
961
964
915
818
741
731
745
918
1262
1932
2594
3196
3192
2805
1917
1081
644
380
304
309
399
654
1013
1574
2100
2443
2557
2113
1550
937
545
302
174
173
157
152
149
132
171
139
149
139
141
158
166
213
201
192
207
217
205
173
155
137
147
112
75
111
87
102
80
93
77
81
96
87
105
76
89
105
88
78
87
91
89
100
54
78
71
98
84
71
77
72
87
77
80
71
96
78
97
79
94
115
133
121
118
126
126
102
83
103
88
90
84
98
88
76
93
103
84
72
82
70
64
68
50
55
50
45
27
38
28
35
40
35
31
38
34
37
47
58
70
84
117
146
149
155
146
126
113
109
76
53
51
28
30
20
19
13
17
10
13
13
14
11
15
23
14
14
14
7
5
9
21
12
8
13
9
0
