4
50
37
0
0
0
0
0
2060
16948
4670
4226
4984
5481
7711
9060
6358
4600
4187
3847
3695
3432
3561
3874
3816
3180
2466
2349
2184
2270
2061
2124
2046
2079
2191
2051
2118
2030
2069
2162
2125
1889
1854
2010
2382
2643
2844
2425
1884
1711
1748
1957
2116
2236
2043
1670
1561
1664
1757
1588
1675
1520
1542
1523
1556
1624
1517
1551
1602
1652
1708
1632
1804
2054
2165
2102
1999
1882
1647
1595
1505
1345
1239
1136
985
935
861
895
901
855
742
664
770
927
1269
1985
2670
3270
3156
2650
1818
1142
604
384
324
280
430
599
1071
1583
2181
2503
2421
2135
1580
931
538
274
183
143
156
144
169
161
158
133
151
135
161
169
171
201
194
226
220
199
190
168
160
135
121
118
101
89
104
108
98
106
96
105
91
84
104
93
90
81
95
77
93
84
91
91
81
98
71
89
97
89
80
72
72
58
74
76
79
78
89
102
128
106
115
125
103
101
109
79
112
105
78
98
96
87
106
86
106
105
92
83
78
60
53
49
60
58
44
48
40
31
27
37
38
29
23
30
32
38
45
79
65
95
124
136
163
160
171
162
124
98
78
57
41
33
23
27
16
28
12
14
12
16
8
11
8
20
9
18
19
10
10
19
15
13
6
8
8
0
