0
0
0
0
0
0
0
0
0
0
0
0
0
277
4335
12913
5819
4407
4902
5968
7686
7887
5942
4528
4024
3713
3511
3391
3573
3760
3425
2835
2462
2289
2168
2156
2167
2093
2024
2100
2169
2090
2038
2071
2114
2097
1947
1824
1955
2272
2545
2624
2368
1978
1723
1689
1857
2054
2092
1973
1703
1602
1555
1598
1609
1532
1540
1516
1538
1520
1480
1553
1575
1600
1616
1713
1720
1853
2090
2128
2084
1918
1737
1654
1554
1442
1309
1141
1009
963
925
905
899
876
823
747
737
816
1064
1566
2219
2852
3195
2965
2276
1474
843
505
364
310
344
524
871
1337
1870
2310
2465
2266
1763
1183
726
414
242
183
152
148
160
156
147
140
145
139
153
161
161
165
178
185
198
196
209
172
141
127
125
126
118
116
93
84
86
83
87
94
82
91
113
96
76
84
92
102
87
80
83
77
72
71
71
69
71
78
81
71
73
82
77
72
81
92
89
95
107
122
129
125
109
103
109
110
105
95
83
82
92
95
94
91
78
82
90
84
81
70
58
55
56
47
42
41
36
30
28
27
26
25
29
26
24
38
45
62
72
90
106
133
150
157
158
139
119
99
78
64
48
38
30
22
20
18
14
9
10
17
18
15
11
10
10
11
10
12
9
9
14
11
