4
50
39
0
0
0
0
0
1957
17200
4624
4299
4838
5560
7469
9183
6413
4479
4187
3850
3570
3486
3370
3895
3828
3100
2554
2383
2251
2146
2222
2182
2075
2028
2225
2196
2059
2074
2115
2177
2144
1881
1780
2027
2426
2643
2785
2293
1935
1662
1691
1909
2146
2135
2032
1664
1627
1562
1631
1646
1546
1567
1537
1561
1545
1497
1575
1597
1625
1617
1748
1728
1807
2137
2163
2157
2016
1760
1700
1624
1479
1400
1200
1048
952
989
884
939
893
874
790
709
780
891
1294
1937
2637
3213
3314
2710
1890
1096
611
412
326
298
378
651
1058
1584
2171
2519
2548
2167
1522
966
575
298
206
173
134
166
159
162
140
147
152
132
171
159
168
168
188
188
209
194
220
158
136
125
129
130
116
119
87
84
91
82
93
99
78
99
121
90
72
93
94
113
74
88
84
76
72
74
71
72
71
86
86
58
86
81
79
64
98
88
95
93
118
128
136
125
99
110
111
116
100
97
76
88
98
96
97
91
72
91
93
81
85
64
56
54
59
42
41
41
34
28
29
28
25
24
34
22
28
47
48
74
77
104
114
154
156
164
158
128
111
89
69
57
38
38
22
21
18
18
9
8
19
20
17
11
13
8
15
9
14
10
8
16
9
21
8
14
14
0
