4
50
41
0
0
0
0
0
1971
17237
4710
4466
4927
5492
7589
9255
6399
4414
4212
3867
3532
3405
3533
3901
3856
3142
2595
2263
2216
2239
2278
2028
2166
2117
2091
2144
1982
1942
2084
2182
2208
1831
1822
1984
2404
2695
2747
2467
1986
1699
1736
1918
2038
2139
1953
1692
1546
1592
1590
1635
1515
1527
1550
1508
1558
1581
1502
1557
1608
1709
1623
1647
1872
1973
2204
2146
2025
1918
1741
1581
1548
1428
1264
1008
945
932
927
867
928
847
789
782
717
952
1251
1917
2695
3220
3098
2716
1907
1107
598
354
300
350
379
654
1019
1603
2181
2523
2474
2080
1532
939
536
319
187
175
152
132
138
186
161
149
146
158
152
148
172
204
211
231
190
210
182
165
165
140
115
98
127
108
94
87
98
104
74
94
86
103
110
90
84
112
94
84
94
91
77
74
88
78
72
87
73
78
72
76
81
89
90
85
73
90
102
89
123
100
126
122
111
109
85
107
91
111
94
83
87
84
91
97
89
74
103
73
77
75
68
66
64
66
48
37
49
36
36
33
35
27
34
35
41
32
51
57
78
105
124
149
148
150
167
129
126
98
87
60
48
24
23
20
13
27
11
15
16
11
11
10
12
12
13
11
12
9
6
9
7
11
7
7
7
0
