0
0
0
0
0
0
0
0
0
0
0
0
0
297
4461
12967
5649
4403
4926
6095
7891
7959
5963
4541
4040
3727
3558
3521
3647
3713
3414
2859
2449
2211
2134
2184
2166
2039
1979
2028
2036
2058
2016
2015
2070
2055
1983
1907
1987
2242
2521
2576
2314
1943
1713
1716
1908
2109
2132
1935
1702
1620
1621
1618
1587
1521
1489
1530
1541
1543
1522
1566
1582
1583
1634
1665
1728
1910
2054
2141
2089
1941
1798
1697
1620
1457
1283
1127
995
924
878
887
887
831
812
769
741
801
1160
1685
2442
2862
3106
2884
2160
1313
800
462
323
309
389
583
930
1431
1967
2367
2431
2126
1604
1037
615
372
243
181
152
141
134
135
149
154
149
142
138
153
178
178
179
201
225
216
190
182
163
139
120
103
101
96
100
97
101
99
80
79
80
84
80
79
76
83
96
93
87
74
75
69
81
69
73
88
79
77
76
74
81
77
71
71
81
89
100
110
110
115
124
121
121
119
102
89
87
87
88
93
92
84
79
79
79
79
80
82
79
73
67
64
60
58
54
44
36
38
37
33
28
26
29
29
37
48
51
54
79
100
117
130
146
169
168
128
123
95
89
59
40
31
30
20
26
20
11
11
12
13
13
12
11
10
11
11
10
11
13
11
6
7
