4
50
42
0
0
0
0
0
2057
17046
4647
4279
4833
5574
7709
9195
6515
4566
4159
3907
3559
3587
3550
3834
3733
3201
2583
2344
2144
2166
2248
2156
2004
2001
2097
2027
2148
1955
2092
2103
2089
1995
1858
2026
2286
2683
2665
2344
1880
1683
1685
1941
2180
2221
1980
1690
1629
1646
1642
1622
1545
1496
1550
1560
1569
1531
1584
1604
1590
1645
1683
1690
1886
2038
2169
2176
2016
1886
1724
1707
1557
1375
1211
1064
946
919
862
924
884
809
829
750
746
849
1358
1911
2775
2990
3227
2787
1921
1075
700
366
309
305
415
626
1014
1574
2128
2537
2509
2106
1535
905
544
323
225
170
148
143
130
135
159
157
149
144
133
153
197
174
179
203
241
220
186
188
167
139
121
102
105
97
103
98
104
102
81
81
82
86
82
81
77
84
99
94
89
74
78
67
87
67
70
96
78
80
79
70
87
78
71
66
86
89
99
117
109
111
136
116
124
129
104
86
90
89
87
98
95
87
74
89
73
88
75
94
76
77
64
67
58
63
55
47
32
42
37
34
27
26
33
26
38
52
51
50
83
103
121
132
148
175
175
125
128
93
91
57
39
31
31
19
29
19
10
14
14
14
16
11
12
12
11
11
9
13
15
10
5
9
8
9
8
0
