0
0
0
0
0
0
0
0
0
0
0
0
0
263
4143
12506
6005
4422
5022
6041
7662
7869
6036
4610
4051
3732
3530
3424
3558
3690
3436
2874
2414
2254
2207
2150
2044
1980
2015
2011
2035
2051
2010
2043
2163
2101
1939
1844
1878
2163
2463
2595
2391
2000
1719
1692
1842
2033
2088
2004
1793
1615
1504
1664
1621
1579
1499
1545
1489
1546
1572
1573
1595
1547
1570
1631
1686
1807
1957
2120
2126
2010
1872
1752
1634
1505
1353
1189
1058
959
911
924
892
838
794
743
731
761
963
1452
2058
2654
3163
3129
2483
1705
965
564
374
291
338
447
703
1189
1703
2202
2500
2403
1937
1376
823
494
281
207
176
157
146
155
164
150
142
147
148
156
163
166
180
195
201
197
185
181
169
147
138
132
122
116
107
99
101
91
86
91
96
91
85
84
88
75
83
90
74
72
88
81
88
81
72
76
67
75
68
65
91
99
83
71
68
84
89
95
100
103
118
121
119
115
97
93
96
98
94
83
77
84
95
99
95
90
88
81
74
76
77
72
69
62
47
46
42
29
32
32
23
24
24
34
32
30
40
57
56
82
92
139
128
149
150
137
134
125
92
73
54
35
33
29
22
20
18
15
9
12
16
17
11
10
9
8
12
14
13
10
11
11
