4
50
44
0
0
0
0
0
1997
17344
4696
4259
5109
5708
7663
9023
6342
4468
4172
3924
3540
3472
3434
3795
3699
3182
2508
2263
2184
2225
2238
2134
2024
2067
2025
2076
2076
2041
2135
2143
2117
1859
1789
1980
2311
2694
2717
2368
1863
1658
1804
1932
2226
2235
1991
1775
1599
1609
1636
1732
1648
1518
1569
1545
1600
1546
1541
1564
1617
1567
1683
1702
1805
2061
2144
2159
1999
1813
1736
1610
1559
1391
1178
1047
985
962
868
894
869
811
795
734
743
948
1364
1943
2654
3204
3317
2700
1876
1093
622
380
280
331
392
632
1020
1585
2220
2514
2563
2111
1471
943
545
286
226
155
163
147
160
154
137
165
154
137
144
164
155
185
220
230
219
188
173
193
156
135
150
109
97
103
107
97
84
76
98
91
92
95
88
94
87
87
79
97
97
81
86
86
84
79
72
69
84
72
76
63
66
69
71
82
77
76
87
106
106
124
118
127
105
121
99
107
98
78
94
93
83
85
110
87
86
83
79
73
66
59
73
73
58
53
52
50
49
36
29
30
30
26
30
34
33
56
50
65
84
100
136
141
137
153
148
124
119
96
80
41
35
18
19
12
16
23
16
15
13
14
14
11
17
12
15
17
10
15
10
11
13
13
11
6
8
0
