0
0
0
0
0
0
0
0
0
0
0
0
0
283
4375
12993
5907
4457
5096
6138
7749
7802
5890
4512
4046
3733
3499
3410
3549
3660
3404
2840
2387
2201
2174
2196
2151
2045
2014
2016
2021
2042
2033
2061
2104
2068
1929
1813
1918
2202
2516
2619
2378
1968
1716
1752
1909
2119
2168
1985
1768
1605
1584
1616
1689
1620
1504
1543
1523
1573
1522
1520
1545
1583
1564
1654
1696
1829
2030
2107
2078
1927
1780
1676
1582
1480
1307
1133
1021
968
911
876
867
833
797
757
732
825
1112
1587
2214
2839
3188
2978
2286
1486
858
501
330
300
363
514
831
1304
1873
2326
2467
2261
1731
1161
712
403
246
186
155
153
150
154
143
149
155
141
138
153
156
171
204
221
219
195
176
184
164
140
143
119
100
98
103
99
86
77
89
90
89
92
89
90
88
85
80
88
94
86
81
84
83
79
73
70
74
76
71
68
63
65
69
75
78
75
82
95
106
114
120
118
114
110
107
101
99
85
85
91
85
83
98
94
85
83
79
74
68
61
66
70
63
55
53
51
50
41
32
29
28
27
27
31
32
45
50
57
72
89
116
133
136
142
147
134
122
107
88
62
39
27
18
16
13
16
19
16
15
13
12
13
12
14
12
13
14
10
13
9
10
12
