4
50
45
0
0
0
0
0
1916
17667
4715
4351
5002
5725
7556
9151
6427
4468
4133
3871
3683
3527
3640
3907
3717
3156
2569
2325
2191
2250
2199
2170
2029
1985
2065
2146
2101
2081
2151
2119
2070
1905
1784
1952
2335
2612
2698
2376
1912
1680
1712
1952
2190
2142
1977
1738
1567
1585
1692
1586
1648
1468
1536
1543
1604
1484
1492
1557
1644
1605
1625
1682
1784
1985
2200
2235
2058
1860
1703
1558
1525
1376
1134
1020
957
885
883
912
889
784
735
711
748
880
1310
1880
2609
3163
3129
2631
1856
1145
628
385
272
304
402
650
1133
1596
2160
2491
2544
2161
1598
974
561
293
190
132
124
151
159
146
181
153
148
144
149
166
180
205
186
196
208
220
217
141
171
140
128
120
106
108
127
108
97
73
85
88
101
81
94
78
79
96
88
95
87
84
87
88
81
80
74
77
75
82
69
81
57
61
91
89
90
74
99
97
107
121
149
126
126
123
89
101
100
103
100
87
99
74
93
93
86
88
86
83
85
72
72
61
62
39
40
45
34
34
35
39
31
30
34
34
31
34
39
51
77
94
122
144
153
173
164
138
106
100
80
52
49
29
24
18
22
21
8
16
10
14
12
9
8
13
15
13
10
10
9
7
8
18
14
11
4
0
