0
0
0
0
0
0
0
0
0
0
0
0
0
273
4383
13155
5779
4469
5001
6088
7741
7807
5884
4520
4036
3721
3542
3519
3657
3736
3432
2864
2440
2263
2140
2101
2122
2028
1971
2029
2075
2049
2024
2075
2155
2120
1946
1834
1962
2267
2548
2604
2339
1947
1697
1728
1933
2100
2133
1978
1763
1615
1606
1646
1633
1584
1482
1512
1492
1578
1523
1466
1479
1566
1664
1669
1778
1917
2065
2147
2082
1913
1687
1595
1574
1486
1323
1148
1026
936
895
913
928
862
804
755
730
832
1160
1671
2342
2955
3191
2837
2121
1345
775
472
331
284
370
589
921
1425
1981
2334
2394
2133
1629
1068
622
360
229
162
135
136
148
153
145
148
153
143
134
147
162
173
197
204
213
210
177
160
152
147
122
107
98
87
89
90
101
98
85
95
110
91
84
90
69
78
79
88
78
82
99
80
82
79
67
76
69
75
69
72
78
74
69
69
73
81
88
98
110
116
112
107
113
118
106
99
102
97
86
83
89
94
89
79
81
86
82
86
88
88
74
60
56
55
51
41
37
39
40
26
19
24
34
32
34
50
53
61
77
99
117
141
145
165
162
140
112
104
87
57
43
30
21
20
16
15
14
15
13
12
11
15
18
13
10
12
12
10
10
10
10
8
