4
50
46
0
0
0
0
0
1901
17373
4672
4342
4933
5628
7599
8973
6459
4455
4238
3834
3599
3529
3597
3834
3778
3193
2581
2324
2249
2102
2147
2157
1982
2007
2092
2118
2048
2044
2121
2245
2143
1896
1787
2010
2372
2673
2730
2329
1906
1624
1729
1993
2154
2214
2011
1781
1609
1618
1681
1657
1627
1487
1541
1497
1609
1555
1486
1483
1559
1691
1666
1767
1900
2052
2189
2148
2035
1764
1606
1621
1561
1431
1223
1076
985
903
901
947
940
819
799
739
735
917
1360
1932
2680
3219
3265
2651
1856
1087
618
401
299
269
414
668
1011
1617
2204
2463
2482
2088
1522
915
514
302
208
142
134
134
160
157
138
157
157
144
124
158
169
171
212
202
221
216
171
161
153
152
120
107
99
87
92
91
104
99
86
99
113
92
85
94
67
82
79
93
77
82
109
76
87
83
61
86
62
85
64
74
83
74
68
71
72
87
88
102
113
122
113
105
113
133
99
99
108
102
80
87
91
100
94
73
84
97
73
96
83
101
71
57
57
55
53
38
39
41
43
24
17
26
39
31
34
55
53
63
81
105
122
147
146
173
163
138
109
104
85
52
42
28
20
19
15
16
15
16
11
13
10
20
19
10
11
16
10
12
10
12
9
10
8
2
12
0
