0
0
0
0
0
0
0
0
0
0
0
0
0
291
4484
13149
5545
4410
5045
6166
7825
7776
5803
4513
4039
3749
3533
3394
3582
3749
3445
2808
2347
2224
2242
2215
2134
2048
2045
2087
2085
2054
2024
2122
2161
2121
2003
1891
1988
2247
2548
2649
2400
1989
1735
1748
1882
2037
2085
1899
1684
1576
1612
1593
1611
1523
1504
1559
1572
1484
1506
1553
1553
1596
1618
1706
1772
1861
1988
2123
2051
1894
1777
1658
1589
1455
1256
1126
1016
950
941
931
920
881
824
739
698
922
1181
1771
2392
2956
3152
2812
2058
1241
693
392
305
303
390
599
956
1490
2048
2347
2395
2108
1572
1017
601
341
210
163
157
161
154
149
143
138
137
144
155
163
170
178
189
205
203
197
198
175
164
148
125
110
101
97
96
96
83
85
81
73
85
94
83
92
80
89
108
88
81
88
78
77
93
80
77
79
77
80
75
78
70
65
67
71
80
90
92
113
122
126
141
120
110
112
106
107
94
78
79
87
94
100
100
95
84
82
83
80
76
74
71
67
62
53
42
42
46
39
36
36
30
28
34
36
34
48
62
69
86
111
127
131
145
151
145
136
118
89
67
58
46
25
16
12
14
14
13
18
14
11
7
6
15
14
10
9
7
7
9
11
10
12
