4
50
49
0
0
0
0
0
1993
17224
4580
4235
4972
5670
7656
8979
6346
4507
4231
3844
3660
3452
3384
3847
3811
3213
2492
2231
2248
2287
2213
2127
2038
2089
2130
2101
2077
1990
2258
2133
2209
1965
1844
2023
2271
2679
2780
2450
1948
1663
1762
1895
2061
2208
1927
1720
1535
1672
1580
1672
1542
1506
1568
1618
1501
1508
1576
1556
1616
1606
1707
1762
1849
1929
2152
2160
1962
1865
1721
1630
1591
1360
1193
1097
973
952
951
937
927
872
812
714
700
1032
1272
1995
2591
3138
3218
2734
1890
1082
599
339
299
302
402
627
994
1575
2204
2419
2504
2147
1537
956
555
302
191
157
154
174
147
156
142
140
136
146
157
169
170
184
186
215
211
186
219
170
170
154
126
113
102
98
97
102
82
89
83
71
85
98
83
96
81
86
114
92
80
92
79
74
97
81
78
80
77
84
73
82
71
65
68
72
75
98
85
109
135
110
156
130
101
124
102
113
104
78
70
95
87
107
101
100
89
74
93
77
81
71
77
65
68
54
45
33
57
38
35
40
32
24
33
43
27
45
66
68
80
112
131
129
146
156
147
140
125
95
66
60
50
25
17
12
16
14
13
21
14
11
7
8
17
14
10
9
7
8
10
12
10
14
13
5
11
0
