0
0
0
0
0
0
0
0
0
0
0
0
0
303
4450
12865
5747
4401
4974
6009
7616
7760
5939
4569
4029
3719
3521
3480
3611
3800
3479
2849
2429
2270
2231
2170
2071
1991
2012
2092
2094
2035
1994
2017
2095
2102
1979
1895
1955
2140
2471
2654
2415
2003
1750
1779
1990
2163
2150
1969
1706
1601
1620
1609
1581
1537
1515
1515
1549
1532
1580
1511
1492
1537
1614
1668
1662
1839
1996
2181
2160
1966
1770
1662
1583
1460
1280
1119
1007
937
907
893
913
890
810
755
748
843
1130
1603
2322
2867
3132
2917
2234
1448
839
504
338
282
340
528
849
1334
1912
2329
2439
2201
1722
1146
672
386
235
166
151
145
153
160
146
148
141
136
145
139
163
178
186
214
227
204
194
201
167
142
123
110
108
96
99
89
94
97
93
92
89
87
106
87
85
81
71
83
95
87
81
79
71
80
86
80
73
78
75
75
78
77
77
70
72
80
85
95
107
114
126
129
116
106
106
101
81
76
78
81
89
90
88
91
87
90
97
86
75
70
61
55
53
50
50
43
34
29
31
28
27
28
30
33
41
43
54
63
71
98
127
133
165
149
152
144
120
103
79
65
55
41
27
23
17
15
14
15
13
12
13
13
12
14
16
14
8
7
15
16
9
9
