0
0
0
0
0
0
0
0
0
0
0
0
0
772
6588
12155
5497
4840
5416
6282
7707
7603
5648
4455
4098
3880
3603
3479
3627
3807
3456
2864
2533
2322
2301
2237
2205
2151
2121
2133
2152
2072
1945
1995
2066
1966
1819
1769
1900
2158
2401
2453
2174
1840
1810
2134
2646
3106
3115
2586
1951
1601
1555
1570
1558
1492
1423
1424
1444
1457
1411
1396
1432
1488
1524
1594
1702
1856
2003
2054
1928
1734
1600
1511
1439
1322
1178
1053
959
921
925
890
838
762
754
729
754
917
1251
1814
2454
2847
2893
2488
1658
1024
599
341
278
308
411
683
1043
1554
2067
2308
2241
1875
1290
783
429
257
166
154
147
152
150
137
148
150
135
137
138
153
183
189
183
195
189
185
172
164
138
120
119
104
100
98
96
93
100
88
76
77
80
79
92
86
88
88
97
76
68
80
78
72
70
72
72
71
70
69
77
77
79
75
68
68
69
74
83
95
105
108
105
103
100
95
92
90
86
75
69
76
80
79
81
77
76
84
84
74
69
67
64
56
43
40
41
33
27
26
27
26
29
27
25
30
39
46
50
62
81
85
118
130
139
155
153
131
93
78
60
46
32
25
16
21
10
9
10
11
11
10
10
10
11
11
12
11
11
8
8
7
4
11
