4
50
3
0
0
0
0
0
5088
15035
4998
4665
5358
5846
7377
8732
6295
4497
4214
4002
3797
3461
3512
3772
3908
3230
2652
2474
2272
2338
2224
2222
2149
2134
2156
2188
2082
1901
2027
2139
1975
1809
1742
1863
2193
2401
2631
2251
1831
1674
2045
2524
3121
3377
2855
2084
1603
1520
1620
1555
1585
1410
1455
1417
1503
1432
1414
1393
1496
1499
1565
1625
1765
1933
2082
2119
1849
1718
1552
1528
1433
1320
1145
1049
936
915
958
879
865
728
784
720
736
897
1208
1775
2478
2890
2979
2635
1753
1101
653
357
278
298
357
613
928
1414
1997
2327
2345
2087
1481
943
502
311
172
160
147
153
158
144
131
171
134
139
141
138
168
201
185
182
208
181
190
165
163
126
116
124
96
102
96
96
91
106
82
74
82
80
80
99
82
93
87
106
64
70
87
76
70
72
75
71
74
69
66
87
71
87
70
67
71
68
77
85
98
111
113
97
113
96
96
93
88
93
71
64
83
79
79
87
74
76
89
86
72
68
68
63
60
39
41
47
31
27
28
27
27
31
27
24
31
41
49
51
62
86
81
125
133
141
160
156
134
90
78
60
46
31
25
16
23
10
11
12
13
11
10
12
11
12
14
11
13
13
8
10
7
4
14
6
7
0
