0
0
0
0
0
0
0
0
0
0
0
0
0
708
6351
12431
5409
4641
5226
6261
7786
7657
5701
4496
4130
3824
3606
3535
3726
3830
3463
2868
2498
2319
2244
2263
2226
2140
2123
2160
2072
2034
2028
2038
2055
1992
1854
1831
1933
2187
2477
2462
2177
1879
1839
2137
2660
3135
3094
2565
1965
1587
1503
1493
1443
1432
1434
1435
1439
1407
1437
1469
1440
1492
1570
1631
1734
1856
1971
1966
1870
1734
1603
1524
1467
1360
1188
1057
954
915
894
833
809
785
768
738
730
888
1217
1837
2460
2905
2927
2446
1714
1017
561
357
303
324
423
671
1014
1533
2048
2259
2172
1819
1329
839
458
275
183
147
140
139
155
135
126
141
139
135
129
139
161
172
175
185
183
174
165
150
147
119
108
102
97
102
92
112
102
90
75
74
75
78
84
94
85
91
88
79
76
83
84
96
92
70
68
79
78
71
65
67
70
83
90
89
84
82
87
99
109
111
108
103
106
105
96
86
75
76
90
97
94
85
82
81
78
80
76
72
68
63
62
58
52
42
38
39
36
32
34
32
28
25
27
37
38
47
59
62
83
100
123
124
142
145
138
129
120
90
60
52
38
20
28
21
9
13
10
10
7
7
9
9
14
11
10
11
6
6
7
10
10
6
