4
50
4
0
0
0
0
0
4665
15435
4946
4466
5116
5743
7524
8719
6422
4495
4305
3983
3689
3553
3558
3903
3863
3262
2650
2422
2290
2247
2297
2224
2134
2141
2203
2050
2054
2041
2055
2087
2042
1817
1827
1923
2111
2608
2567
2255
1886
1719
2033
2509
3157
3397
2776
2144
1605
1478
1541
1471
1425
1461
1432
1466
1433
1401
1500
1464
1426
1575
1575
1693
1762
1934
2045
1950
1888
1676
1605
1495
1508
1355
1138
1075
908
934
917
809
831
781
780
748
692
873
1133
1806
2448
2950
3041
2584
1844
1117
610
372
306
312
368
598
882
1368
1977
2280
2292
2006
1524
1022
551
322
209
149
151
128
157
159
112
143
145
137
135
126
153
173
177
179
193
180
172
164
145
151
107
109
100
96
106
87
122
97
88
71
76
77
80
87
98
81
96
86
77
78
87
80
106
92
61
71
85
77
71
63
72
62
95
87
95
79
85
84
103
116
108
118
91
120
99
102
84
75
66
103
92
104
78
86
84
70
91
72
76
67
62
65
58
55
39
37
43
36
30
37
31
29
25
26
42
36
47
64
58
86
97
131
120
147
150
139
131
123
92
58
54
39
18
30
22
9
15
10
12
7
9
11
9
16
11
11
13
6
8
8
12
10
6
10
14
0
