4
50
5
0
0
0
0
0
4493
15549
4971
4551
5167
5765
7495
8831
6486
4575
4226
3877
3627
3544
3613
3791
3842
3187
2731
2380
2320
2281
2234
2181
2111
2188
2156
2084
2064
2055
2045
2107
2085
1832
1748
1918
2176
2510
2596
2305
1855
1748
1949
2600
3101
3351
2815
2099
1611
1539
1557
1572
1528
1483
1528
1466
1440
1492
1440
1406
1516
1506
1588
1648
1777
1847
2024
2039
1903
1738
1539
1491
1467
1276
1155
1053
978
892
910
848
834
831
746
759
688
835
1151
1764
2284
2855
3058
2523
1870
1111
651
368
314
332
363
574
930
1383
2012
2274
2344
1987
1535
929
572
292
175
149
167
146
163
148
162
166
137
134
141
149
164
189
189
210
204
181
166
141
187
129
140
106
87
98
85
95
80
92
77
86
90
69
80
78
77
83
88
83
100
82
87
81
81
77
92
70
77
84
83
80
67
85
56
68
87
76
88
92
84
123
106
116
96
101
97
87
92
92
112
75
73
80
68
80
98
83
74
93
64
75
63
56
59
46
51
34
41
26
41
29
22
31
24
38
37
33
49
55
61
97
104
124
135
163
154
144
117
96
74
63
49
31
23
19
24
15
12
13
12
14
17
9
11
10
10
9
15
8
7
7
13
12
8
13
7
0
