4
50
7
0
0
0
0
0
4066
15826
5010
4614
5149
5627
7368
8936
6402
4653
4275
3871
3651
3573
3637
3892
3949
3349
2557
2430
2289
2366
2294
2224
2097
2048
2201
2159
2058
1956
1976
2100
2074
1911
1731
1927
2200
2510
2668
2249
1929
1694
1999
2464
3157
3259
2858
2112
1662
1572
1497
1523
1537
1424
1491
1491
1409
1431
1459
1504
1466
1564
1589
1556
1735
1846
2117
2048
1894
1726
1563
1493
1408
1315
1140
1039
975
924
853
905
864
778
733
682
671
795
1211
1700
2465
2998
3009
2619
1836
1073
620
378
292
282
422
577
927
1428
1893
2297
2351
2055
1518
942
548
310
197
155
165
142
151
149
132
140
138
128
134
162
139
189
193
194
191
172
159
152
159
126
139
139
108
107
90
78
85
92
74
78
86
97
69
75
97
80
57
94
74
79
70
72
89
77
86
75
79
65
87
64
76
80
82
71
89
66
72
95
90
105
137
113
96
106
107
87
80
85
85
101
88
97
81
68
82
88
85
84
78
62
62
66
49
50
49
45
39
41
35
21
32
32
28
26
42
31
44
56
90
96
99
135
136
144
150
130
135
89
78
54
43
32
16
17
16
13
19
7
8
17
12
11
14
6
8
9
12
11
12
12
7
2
11
8
9
0
