0
0
0
0
0
0
0
0
0
0
0
0
0
554
5508
12272
6002
4787
5200
6001
7564
7787
6007
4662
4153
3871
3635
3547
3636
3723
3466
2925
2462
2298
2303
2285
2220
2130
2113
2132
2132
2070
1979
1973
2025
2044
1912
1789
1867
2128
2394
2488
2294
1939
1778
1947
2394
2964
3131
2806
2194
1747
1585
1561
1537
1446
1403
1464
1449
1392
1441
1453
1466
1453
1488
1490
1585
1733
1931
2010
1951
1783
1618
1562
1510
1412
1281
1111
974
902
867
855
837
805
758
679
651
736
959
1403
2000
2605
2914
2723
2200
1483
857
536
353
290
347
494
733
1123
1626
2090
2293
2169
1765
1186
720
429
253
170
141
138
137
140
143
145
136
128
127
129
155
178
193
195
185
183
176
167
173
161
115
109
106
92
95
96
87
75
77
80
92
76
65
73
89
86
75
82
91
81
78
84
80
79
76
71
77
76
68
68
72
69
68
74
76
74
70
74
89
110
113
118
113
96
94
80
74
82
89
87
77
82
89
85
79
76
79
76
75
71
65
61
59
51
42
38
38
39
34
26
19
27
30
33
39
37
37
41
55
88
103
123
140
135
128
131
123
104
89
63
45
41
33
19
17
10
9
12
11
10
13
16
17
14
12
11
10
15
5
5
6
6
