4
50
8
0
0
0
0
0
3920
15990
4922
4689
5261
5581
7402
8962
6484
4595
4353
3942
3803
3509
3649
3775
3814
3210
2634
2297
2340
2343
2299
2212
2115
2176
2152
2197
2022
2001
1986
2120
2087
1853
1757
1917
2263
2517
2600
2283
1833
1746
1980
2474
3187
3240
2848
2137
1713
1591
1587
1566
1464
1420
1489
1473
1413
1465
1476
1492
1468
1519
1493
1593
1715
1959
2061
2024
1863
1634
1582
1576
1451
1362
1171
999
919
886
862
871
826
795
731
624
686
836
1166
1780
2410
2991
2970
2514
1873
1047
653
412
290
294
415
579
894
1369
1944
2336
2354
2120
1511
922
563
320
201
144
142
139
143
144
148
148
130
131
126
136
173
187
204
194
183
188
174
165
182
155
98
115
105
88
102
96
84
73
83
82
100
67
67
81
97
82
73
91
97
70
87
85
78
85
71
74
86
74
64
76
73
65
74
78
81
70
74
71
103
124
102
142
95
104
92
73
78
90
92
87
72
93
89
85
77
81
84
73
80
68
63
59
59
46
39
37
41
38
31
21
17
36
27
39
44
33
42
44
69
113
102
148
144
129
129
142
105
103
73
46
41
42
19
20
11
7
15
11
11
14
18
20
14
12
11
8
18
6
6
7
7
9
10
11
8
0
