0
0
0
0
0
0
0
0
0
0
0
0
0
553
5633
12649
5650
4762
5293
6246
7816
7789
5883
4588
4187
3887
3596
3522
3624
3740
3399
2881
2513
2332
2327
2298
2225
2164
2101
2158
2207
2105
1978
2029
2037
1974
1902
1833
1913
2150
2387
2416
2177
1878
1811
2079
2574
3039
3056
2571
1973
1649
1553
1546
1546
1474
1421
1372
1373
1437
1449
1426
1454
1488
1491
1553
1638
1800
1976
2033
1906
1756
1615
1521
1417
1320
1184
1083
985
897
848
829
827
797
757
707
754
876
1150
1698
2251
2847
2977
2542
1868
1082
620
412
310
302
366
593
977
1430
2026
2213
2192
1889
1441
919
517
295
208
171
146
138
144
153
143
135
133
144
151
147
161
183
195
210
211
190
175
160
148
141
126
110
101
98
94
94
93
87
94
93
89
85
80
82
82
73
77
86
83
78
72
69
69
74
74
85
81
71
77
77
75
76
68
67
78
88
90
100
110
120
126
122
110
103
88
92
89
82
90
85
78
81
78
76
90
82
66
75
72
64
60
55
48
50
45
34
31
32
27
30
29
35
38
37
42
44
53
77
92
108
126
139
137
129
146
138
114
83
56
37
30
23
19
20
21
21
16
9
9
11
10
9
8
9
12
12
10
10
8
8
8
9
