4
50
10
0
0
0
0
0
3714
16021
4938
4612
5252
5750
7577
8910
6503
4647
4264
4120
3695
3507
3581
3741
3826
3158
2689
2415
2308
2374
2295
2224
2170
2094
2221
2251
2095
1924
2121
2044
1987
1933
1788
1910
2174
2477
2529
2225
1858
1704
2037
2485
3156
3260
2765
2014
1650
1569
1542
1598
1501
1451
1399
1361
1440
1478
1438
1443
1515
1479
1546
1583
1726
1904
2123
1994
1886
1673
1613
1484
1404
1307
1124
1092
942
893
839
836
841
794
757
698
774
902
1200
1796
2340
2939
3016
2533
1844
1057
606
407
306
301
352
570
970
1370
2103
2244
2288
1965
1539
969
530
288
208
177
146
138
138
164
147
134
138
131
168
140
153
183
200
203
230
199
173
175
145
149
134
116
102
101
97
90
104
80
96
95
90
89
82
79
89
74
73
88
84
83
74
71
65
78
68
85
91
68
78
80
74
82
71
64
71
91
84
100
102
122
117
142
104
123
88
90
99
83
81
102
74
83
81
77
77
102
71
63
86
65
63
58
53
45
56
40
30
34
33
24
36
27
42
39
36
48
45
60
92
98
120
136
147
134
128
163
124
107
64
47
29
32
16
22
23
21
21
11
7
16
10
9
10
8
15
12
10
11
9
9
9
11
7
13
9
0
