0
0
0
0
0
0
0
0
0
0
0
0
0
574
5748
12713
5689
4718
5217
6237
7775
7746
5818
4528
4094
3826
3554
3480
3698
3825
3451
2870
2524
2380
2342
2360
2249
2131
2096
2166
2173
2068
1986
1997
2034
2018
1923
1832
1948
2238
2461
2463
2201
1889
1799
2040
2514
2950
3016
2586
1984
1643
1557
1524
1491
1487
1453
1427
1409
1462
1495
1397
1385
1483
1550
1566
1656
1831
1912
1966
1887
1744
1602
1518
1440
1381
1243
1068
949
898
909
882
839
782
719
685
645
781
1048
1582
2345
2849
2931
2579
1944
1160
640
383
260
271
396
573
913
1429
1903
2260
2259
1985
1497
961
547
314
204
168
157
147
147
140
139
141
135
142
150
149
159
179
188
189
192
186
175
162
144
128
114
115
107
94
87
88
91
87
72
78
88
82
89
83
75
84
96
91
85
85
79
73
67
71
63
62
74
67
71
78
80
64
69
81
86
86
95
88
102
111
111
111
101
102
99
96
93
87
86
92
91
81
78
88
89
84
79
74
65
62
61
59
54
50
40
33
31
27
33
36
34
30
27
27
29
38
47
60
82
106
116
130
145
141
147
135
102
84
66
54
40
24
18
20
21
16
20
16
13
12
9
10
17
11
7
9
9
12
11
10
9
10
