0
0
0
0
0
0
0
0
0
0
0
0
0
579
5736
12556
5622
4697
5311
6271
7719
7744
5886
4622
4149
3846
3566
3504
3708
3831
3489
2870
2460
2349
2268
2214
2209
2201
2154
2098
2102
2078
2019
2027
2055
1987
1840
1816
1967
2171
2408
2456
2204
1903
1827
2058
2559
3042
3081
2624
1968
1602
1544
1562
1558
1500
1426
1433
1430
1456
1423
1466
1448
1454
1539
1577
1601
1765
1935
2015
1943
1792
1627
1484
1432
1356
1194
1063
971
886
848
818
825
786
729
687
719
866
1164
1660
2361
2877
3026
2548
1796
1048
605
355
298
317
407
645
1008
1531
2015
2297
2266
1846
1357
876
495
287
203
156
131
128
134
137
141
136
134
132
130
131
147
172
194
205
202
175
166
162
150
137
123
109
100
92
92
98
96
83
89
94
84
92
91
84
87
87
85
79
73
73
74
74
68
76
81
80
71
70
72
68
72
72
77
75
73
77
88
98
109
118
121
112
110
112
108
97
82
82
93
97
87
84
92
88
84
78
75
68
67
74
56
52
50
43
41
42
33
22
28
34
30
28
35
33
41
45
55
78
80
96
104
128
140
156
146
134
109
100
70
45
34
28
19
16
15
13
12
11
11
14
14
10
8
7
8
9
12
14
11
7
7
6
