4
50
13
0
0
0
0
0
3888
15812
4997
4512
5223
5879
7406
8840
6503
4691
4309
3983
3728
3442
3590
3890
3884
3271
2610
2367
2363
2252
2224
2234
2218
2160
2098
2139
2093
2009
2058
2100
2023
1804
1774
2032
2135
2499
2594
2244
1891
1734
2007
2418
3188
3232
2889
2038
1581
1539
1587
1575
1570
1416
1472
1411
1505
1411
1482
1481
1428
1516
1617
1541
1682
1871
2040
2059
1889
1777
1541
1469
1443
1356
1115
1066
943
872
855
807
853
777
727
680
727
886
1200
1715
2453
2949
3080
2558
1798
1056
611
354
299
316
390
621
959
1496
2014
2334
2395
1943
1451
954
525
288
212
161
133
123
141
132
151
134
139
133
132
129
139
165
193
209
212
194
154
175
155
145
129
117
101
99
84
103
97
94
73
109
83
88
99
83
88
88
87
83
74
76
71
83
65
74
80
87
74
66
78
67
73
70
78
76
75
70
85
90
109
110
130
117
110
115
112
109
91
74
89
99
98
81
87
99
83
87
74
78
63
71
78
46
58
46
41
44
41
29
19
34
38
27
30
40
31
48
46
62
89
78
108
106
141
145
165
140
131
100
100
55
38
32
26
15
17
13
12
12
12
13
18
10
11
5
13
7
14
14
16
8
9
7
8
2
7
0
