0
0
0
0
0
0
0
0
0
0
0
0
0
521
5457
12693
5986
4677
5208
6187
7653
7685
5933
4625
4123
3891
3678
3534
3656
3772
3493
2930
2503
2324
2285
2250
2219
2164
2127
2109
2079
2064
2006
1998
2030
1980
1883
1789
1861
2123
2392
2471
2267
1971
1840
2030
2428
2939
3147
2775
2135
1690
1555
1538
1530
1448
1429
1467
1461
1441
1468
1431
1471
1462
1479
1564
1678
1800
1896
1997
1940
1838
1641
1552
1463
1371
1226
1074
974
909
858
811
832
815
754
671
640
732
969
1427
2083
2675
2914
2674
2045
1368
807
439
301
267
325
494
785
1234
1778
2191
2285
2071
1644
1121
666
389
237
186
166
164
159
144
153
163
150
136
143
133
137
159
182
202
193
193
172
153
135
119
96
91
99
73
100
98
84
79
74
79
80
79
82
82
94
83
93
82
79
80
84
78
75
82
76
66
65
68
71
72
66
63
65
65
70
71
77
89
97
107
114
116
115
111
102
95
94
92
87
87
87
86
89
85
71
65
68
69
60
63
68
63
57
57
47
39
45
41
36
27
27
28
29
25
25
36
41
56
61
86
107
116
134
138
135
122
119
85
73
58
43
36
24
21
19
14
14
15
10
8
10
13
14
12
8
7
10
11
9
8
9
8
