4
50
15
0
0
0
0
0
3636
16485
5011
4520
5181
5798
7566
8768
6419
4644
4259
3968
3847
3559
3553
3876
3829
3256
2636
2388
2310
2321
2249
2252
2148
2167
2117
2101
2109
1962
2076
2057
1997
1890
1722
1918
2207
2535
2569
2252
1933
1757
2090
2434
3101
3323
2844
2110
1656
1565
1558
1567
1463
1444
1489
1484
1458
1494
1445
1493
1483
1485
1565
1670
1814
1873
2062
1963
1964
1676
1600
1517
1420
1331
1113
1025
928
898
835
799
885
784
734
627
657
818
1135
1724
2460
2952
2984
2507
1736
1129
587
340
279
254
372
563
913
1426
2048
2360
2346
2002
1541
912
559
296
205
182
154
184
148
144
161
177
138
135
157
121
147
166
192
212
189
201
168
153
133
117
94
92
104
69
108
98
84
79
74
83
81
81
85
83
100
79
101
78
82
83
89
76
75
90
74
62
68
70
76
74
63
65
70
59
83
64
83
96
95
115
118
118
114
117
99
96
98
95
83
95
86
89
93
89
65
68
69
74
52
69
71
61
56
62
42
37
49
39
36
25
29
30
30
23
28
41
44
63
64
97
114
121
143
140
134
119
121
72
75
50
38
34
19
22
17
12
19
12
8
8
16
13
15
8
8
11
14
10
9
11
8
12
11
8
7
0
