4
50
17
0
0
0
0
0
3573
16177
5052
4648
5055
5628
7560
8927
6313
4766
4320
3801
3640
3624
3597
3830
3859
3211
2646
2475
2277
2287
2337
2168
2111
2159
2196
2110
2151
1993
2046
2062
2019
1815
1705
1931
2139
2435
2679
2291
1883
1727
2020
2486
3127
3268
2752
2206
1644
1498
1491
1544
1536
1455
1511
1561
1501
1464
1510
1477
1551
1506
1565
1665
1790
1811
2051
2044
1789
1760
1618
1603
1425
1325
1143
972
993
959
872
820
842
797
711
676
707
895
1226
1722
2529
2828
3014
2532
1836
1135
611
367
290
278
423
612
946
1391
1989
2351
2323
1988
1546
899
534
330
185
153
165
134
136
133
145
158
133
109
142
142
154
168
189
207
182
172
190
173
150
123
107
115
106
105
87
78
81
85
88
112
90
92
99
66
87
70
82
63
97
64
84
73
78
79
79
69
77
81
68
83
71
64
92
50
83
80
79
104
99
123
115
102
107
89
98
98
92
69
85
100
71
86
71
77
99
79
90
71
76
62
76
76
53
54
44
48
42
39
33
27
36
28
25
27
30
42
52
63
79
84
103
117
130
144
139
135
128
91
65
47
32
33
26
25
17
12
18
12
12
11
8
15
14
13
13
12
8
15
4
10
7
11
9
13
9
0
