4
50
19
0
0
0
0
0
3435
16628
4877
4718
5313
5854
7433
8768
6471
4625
4238
3892
3646
3611
3556
3801
3820
3289
2554
2446
2351
2340
2226
2235
2088
2132
2165
2204
2038
1994
2009
2020
2027
1770
1766
1888
2166
2392
2598
2243
1860
1659
2043
2462
3136
3419
2839
2006
1682
1576
1537
1562
1534
1418
1466
1571
1498
1442
1460
1390
1477
1514
1571
1587
1829
1907
2100
2010
1923
1598
1530
1489
1488
1342
1110
1007
926
915
911
890
846
772
694
668
661
824
1248
1822
2537
2911
3111
2488
1803
1078
598
365
299
285
390
580
915
1442
1973
2428
2358
2032
1539
940
513
310
205
145
157
151
142
142
146
139
146
132
121
160
167
189
175
182
222
182
169
169
165
135
135
130
92
93
95
82
103
79
77
90
85
86
84
89
108
83
71
82
67
94
101
68
72
85
66
66
79
71
62
87
73
75
76
72
75
70
79
82
94
110
108
124
124
88
103
87
84
98
108
83
94
103
82
79
85
74
79
86
78
88
49
55
51
55
47
34
29
37
29
32
29
23
25
26
41
36
43
48
73
97
97
130
131
166
144
118
112
69
73
52
41
30
19
20
20
16
12
18
17
10
15
10
8
14
15
13
12
21
18
10
7
10
8
8
3
0
