0
0
0
0
0
0
0
0
0
0
0
0
0
475
5265
12785
5907
4715
5161
6086
7624
7704
5919
4622
4122
3829
3591
3532
3704
3752
3463
2884
2502
2387
2323
2255
2226
2129
2095
2079
2101
2109
1980
1946
2021
2008
1917
1835
1898
2139
2384
2441
2238
1937
1821
2020
2512
3014
3107
2769
2147
1670
1532
1490
1512
1546
1416
1402
1450
1508
1447
1431
1485
1538
1542
1533
1649
1727
1879
2036
1977
1828
1684
1591
1489
1382
1270
1116
1002
940
887
863
866
818
718
661
674
758
974
1506
2141
2668
2936
2674
2048
1326
770
441
299
282
353
526
848
1292
1734
2125
2251
2024
1610
1108
639
358
233
171
152
145
147
153
149
147
145
140
147
145
148
158
184
187
193
178
171
162
155
136
134
119
88
83
96
86
76
78
81
75
85
92
81
77
86
78
77
79
82
60
80
81
76
79
81
80
75
67
59
56
59
67
70
70
76
80
80
88
103
112
110
116
118
108
101
97
84
80
85
85
82
81
88
97
93
83
81
80
78
70
59
63
62
47
39
35
28
20
21
26
26
23
24
28
22
36
53
60
73
83
98
131
136
152
145
135
109
83
72
58
51
39
29
21
17
16
9
15
10
9
10
11
9
7
10
10
13
10
7
9
10
10
