4
50
21
0
0
0
0
0
3218
16835
4895
4678
5088
5593
7396
8864
6574
4577
4214
3988
3625
3619
3572
3839
3732
3207
2702
2416
2297
2262
2365
2200
2204
2168
2109
2161
2070
1943
2038
2079
2112
1815
1811
1938
2240
2571
2597
2216
1788
1669
1959
2432
3234
3380
2826
2102
1755
1510
1544
1559
1410
1467
1447
1476
1552
1497
1464
1481
1505
1464
1529
1582
1761
1912
2024
2070
1881
1744
1572
1566
1512
1246
1196
990
942
942
849
778
795
745
768
650
648
909
1163
1770
2414
2909
3061
2552
1799
1138
636
360
281
296
407
586
928
1396
1967
2287
2472
2009
1560
924
539
294
203
172
162
149
158
149
147
159
135
107
128
153
164
189
192
193
192
218
161
160
148
120
117
106
115
96
101
74
78
78
83
82
99
69
82
92
93
79
76
81
74
71
92
91
76
87
69
83
70
69
80
73
77
59
72
73
92
69
76
82
95
104
109
127
119
116
87
89
99
81
83
68
69
79
80
83
72
81
93
77
74
75
68
62
58
55
57
40
43
27
43
27
36
28
31
26
48
39
56
69
76
91
105
129
136
131
138
150
128
100
84
54
51
21
26
19
12
17
18
12
10
19
6
19
14
10
11
10
8
12
9
13
13
10
10
7
10
0
