0
0
0
0
0
0
0
0
0
0
0
0
0
489
5427
13107
5794
4655
5204
6128
7660
7776
5861
4575
4070
3736
3586
3595
3705
3798
3428
2882
2520
2351
2292
2297
2295
2146
2061
2080
2090
2007
1942
2011
2045
1979
1870
1770
1863
2125
2388
2447
2205
1911
1840
2066
2543
3058
3227
2800
2087
1642
1494
1560
1491
1432
1427
1422
1467
1488
1402
1484
1481
1463
1545
1589
1648
1780
1906
2000
1936
1775
1638
1544
1457
1385
1235
1069
982
893
861
859
834
781
744
674
661
800
1048
1570
2279
2764
3024
2637
1976
1258
743
449
306
299
373
537
889
1387
1861
2155
2234
1964
1481
968
597
358
214
164
146
143
154
162
155
142
140
139
129
127
142
166
199
215
200
176
165
161
144
128
119
103
90
94
98
86
93
89
82
77
67
75
79
90
92
86
77
86
87
66
86
71
67
75
78
71
75
66
63
55
72
81
78
74
77
91
91
108
101
99
104
109
111
104
98
83
80
83
82
82
79
81
86
87
78
73
74
76
72
64
60
60
52
47
42
40
40
31
25
25
23
21
22
31
37
40
49
58
71
93
113
122
137
141
135
128
110
99
75
54
41
29
27
22
21
16
13
18
14
13
10
13
7
8
9
13
13
15
5
10
8
14
