4
50
22
0
0
0
0
0
3334
16845
4961
4492
5149
5753
7314
8998
6404
4590
4275
3853
3617
3598
3674
3828
3876
3146
2673
2425
2333
2305
2337
2311
2090
2080
2120
2127
1987
1926
2097
2071
1991
1895
1689
1901
2158
2496
2575
2223
1856
1795
2013
2522
3140
3426
3017
2090
1673
1430
1626
1522
1443
1449
1429
1463
1548
1389
1498
1517
1448
1545
1599
1613
1752
1865
2026
2037
1869
1715
1593
1538
1410
1408
1117
1057
948
874
869
871
829
769
743
655
674
861
1133
1737
2485
2893
3109
2562
1866
1146
668
409
283
302
382
537
917
1453
1956
2219
2350
2003
1496
918
576
346
182
168
140
145
154
171
162
135
146
143
133
119
147
157
202
230
208
178
162
170
149
127
125
108
90
92
110
81
96
93
82
80
66
76
77
92
95
90
75
86
98
60
93
72
67
75
82
70
79
67
68
51
69
83
79
78
66
101
80
113
107
95
110
100
125
99
112
85
76
87
80
86
80
76
90
90
85
70
76
78
77
64
60
59
64
39
52
34
46
37
21
28
25
20
23
26
42
37
48
57
67
86
117
120
135
150
133
141
109
109
81
56
44
29
28
22
24
17
11
21
14
14
9
16
7
10
11
15
13
17
6
11
9
15
10
15
4
0
