0
0
0
0
0
0
0
0
0
0
0
0
0
469
5377
13171
5439
4727
5303
6157
7722
7738
5829
4547
4078
3861
3610
3500
3658
3804
3452
2877
2513
2420
2360
2270
2182
2169
2098
2125
2115
1992
1927
1999
2051
2005
1866
1817
1938
2245
2529
2495
2182
1858
1810
2116
2627
3075
3139
2673
2032
1657
1553
1541
1513
1503
1439
1392
1445
1508
1504
1455
1485
1512
1537
1627
1711
1799
1933
1992
1885
1725
1597
1515
1439
1328
1182
1029
944
925
905
856
814
785
738
717
719
888
1183
1731
2401
2844
2927
2521
1781
1041
600
379
299
321
419
651
1000
1507
1999
2250
2210
1925
1298
815
443
268
191
164
146
145
141
130
122
125
133
130
127
143
178
184
195
206
199
187
165
159
148
128
120
113
96
96
83
83
97
95
91
84
81
77
85
81
83
86
81
79
77
79
79
76
75
77
77
77
80
75
72
76
74
63
58
66
71
78
91
99
107
103
92
97
102
92
87
86
88
90
82
74
81
91
92
93
84
76
76
77
68
67
64
70
57
43
39
36
29
31
29
22
24
29
35
37
40
56
60
70
79
95
115
124
132
130
144
123
95
84
66
41
34
31
30
17
18
12
11
11
10
11
13
11
12
14
10
9
9
11
6
5
12
11
