4
50
23
0
0
0
0
0
3108
16676
4811
4541
5289
5653
7372
8838
6488
4652
4219
3934
3818
3466
3546
3810
3881
3235
2666
2434
2435
2356
2261
2177
2194
2084
2170
2139
1971
1912
2046
2082
2059
1833
1810
1891
2237
2646
2621
2239
1866
1671
2039
2498
3130
3308
2995
2127
1695
1531
1584
1523
1524
1504
1382
1432
1491
1563
1466
1467
1536
1508
1577
1695
1739
1848
2037
2023
1841
1698
1560
1529
1427
1327
1159
992
931
939
916
852
813
798
730
731
688
891
1145
1707
2431
2889
3014
2626
1878
1110
638
395
301
311
381
593
897
1393
1935
2272
2266
2142
1460
965
518
305
200
175
147
145
150
135
126
119
136
136
126
132
159
201
177
211
209
194
183
154
165
141
121
121
109
88
102
75
89
103
91
92
80
83
75
92
76
89
85
80
79
77
82
78
76
76
80
76
79
86
68
76
78
79
55
57
75
68
82
98
94
121
99
85
103
112
78
100
75
98
88
84
66
85
101
82
107
74
81
71
89
57
76
55
84
52
41
39
36
27
34
29
20
27
30
38
38
39
61
61
72
81
97
121
127
136
130
149
122
93
83
65
39
34
30
30
16
21
11
13
10
13
11
16
10
15
17
9
11
11
13
5
7
15
11
8
8
0
