0
0
0
0
0
0
0
0
0
0
0
0
0
463
5328
13130
5582
4786
5247
6228
7657
7596
5746
4610
4189
3827
3600
3492
3659
3741
3406
2805
2456
2287
2262
2325
2187
2125
2135
2089
2116
2052
1990
2021
2062
2012
1900
1813
1942
2210
2469
2516
2259
1923
1797
2061
2617
3094
3134
2662
2033
1652
1560
1577
1498
1435
1429
1407
1440
1462
1415
1445
1458
1477
1530
1588
1658
1809
1967
2041
1975
1798
1635
1553
1452
1305
1183
1082
958
877
861
862
819
763
747
687
737
832
1166
1681
2300
2803
2938
2494
1775
1124
627
385
310
313
412
617
1031
1499
1998
2330
2295
1920
1401
849
497
274
186
153
148
145
148
155
149
141
147
144
132
142
172
191
203
199
197
191
164
148
139
137
126
108
95
91
90
79
80
87
89
90
86
81
76
78
81
82
84
83
80
85
83
87
90
81
78
76
73
75
71
69
75
73
78
80
75
83
89
95
113
117
108
106
104
105
100
98
95
87
74
76
84
85
88
83
77
67
73
77
72
64
52
51
44
47
44
39
25
33
27
31
31
34
36
36
44
40
46
64
82
105
124
135
138
146
153
134
105
93
63
54
31
24
23
20
13
12
12
12
13
14
11
10
9
13
12
9
8
11
10
9
8
6
