4
50
25
0
0
0
0
0
3053
16978
4865
4552
5085
5659
7565
8691
6407
4600
4290
3994
3632
3630
3656
3875
3754
3172
2597
2468
2395
2353
2229
2253
2087
2141
2245
2144
2078
1980
2050
2026
2113
1832
1725
1934
2297
2540
2508
2255
1873
1712
1935
2510
3113
3281
2830
1997
1673
1645
1538
1546
1508
1446
1420
1392
1479
1447
1408
1493
1551
1474
1539
1595
1782
1858
2031
2017
1932
1823
1662
1547
1484
1290
1213
987
913
904
878
877
847
790
724
695
712
818
1213
1773
2485
2915
2967
2514
1834
1143
686
363
300
315
329
587
903
1364
1975
2339
2354
2003
1538
986
536
311
219
161
120
154
146
141
144
151
140
132
131
160
154
189
196
195
197
167
176
166
127
124
127
99
100
89
116
96
76
80
96
90
88
77
87
95
79
90
87
88
81
76
73
89
90
82
84
77
90
77
84
60
71
96
76
72
69
67
94
91
107
101
131
111
113
96
88
80
108
83
84
85
97
71
87
90
85
94
94
79
79
59
62
64
48
44
50
56
52
28
43
23
31
30
32
37
36
32
47
46
87
81
114
125
145
148
139
126
114
104
79
64
41
34
25
25
19
14
14
17
23
15
22
11
8
12
12
8
9
11
7
8
10
12
11
8
10
0
