4
50
26
0
0
0
0
0
2985
16937
4847
4629
5250
5663
7310
8803
6466
4482
4284
4047
3738
3576
3523
3851
3846
3274
2617
2356
2318
2281
2311
2211
2068
2136
2188
2290
2088
1985
2028
2069
1973
1836
1684
1779
2306
2446
2648
2285
1894
1710
1965
2495
3017
3282
2862
2038
1663
1512
1584
1570
1563
1554
1476
1416
1500
1464
1478
1392
1505
1501
1602
1603
1791
1856
2088
2032
1945
1684
1647
1541
1438
1254
1136
1012
914
857
883
918
849
780
735
711
678
833
1160
1713
2475
2934
3115
2619
1779
1123
647
382
277
292
363
603
902
1434
1900
2356
2412
2086
1452
943
546
328
191
151
165
145
148
140
140
131
130
139
133
166
178
168
200
216
225
215
171
178
152
133
118
119
98
97
85
78
102
95
83
87
103
79
82
86
74
93
87
79
80
71
71
63
87
86
89
65
86
82
63
75
80
79
77
73
84
79
103
95
127
96
132
124
109
98
112
107
87
90
82
79
97
97
75
88
99
101
91
77
69
72
61
64
56
48
44
43
41
45
38
25
27
31
24
20
30
48
63
50
63
81
101
129
142
151
138
140
133
108
76
50
44
42
18
19
18
13
10
12
13
11
9
13
13
7
9
12
9
10
14
9
13
12
10
7
13
0
