0
0
0
0
0
0
0
0
0
0
0
0
0
438
5185
13120
5758
4759
5252
6085
7583
7697
5828
4528
4149
3879
3643
3522
3654
3781
3489
2896
2466
2317
2270
2272
2222
2097
2088
2149
2213
2125
2002
1994
2018
1961
1833
1728
1829
2153
2419
2483
2263
1925
1795
2018
2489
2950
3086
2676
2033
1652
1531
1554
1552
1544
1516
1445
1420
1473
1450
1438
1410
1489
1516
1589
1655
1803
1924
2038
1962
1806
1644
1574
1467
1324
1174
1053
944
870
862
894
863
795
742
711
680
782
1062
1557
2269
2794
3038
2682
1914
1221
720
423
295
289
364
576
891
1365
1841
2236
2315
2016
1477
964
581
343
211
162
155
149
144
141
136
132
130
133
141
160
170
177
196
213
217
201
177
168
148
130
118
111
98
93
84
83
97
91
84
88
95
78
81
83
76
90
85
78
77
70
69
68
86
85
82
69
84
76
65
75
79
78
75
76
81
86
98
105
112
109
125
117
104
102
107
98
88
85
81
85
93
86
81
89
96
95
85
75
71
66
63
60
53
47
44
42
41
41
33
27
27
28
23
23
35
51
55
56
67
84
107
129
141
143
137
136
124
98
69
49
44
35
19
17
17
13
10
10
11
11
9
11
12
7
7
10
9
9
13
8
12
11
