4
50
27
0
0
0
0
0
2966
16758
4990
4635
5115
5720
7399
9015
6345
4613
4237
3976
3660
3525
3494
3725
3947
3277
2588
2411
2320
2288
2323
2254
2107
2125
2155
2165
2098
1947
2008
2125
2025
1766
1705
1903
2175
2555
2651
2198
1905
1742
1993
2555
3082
3269
2903
2153
1697
1589
1580
1597
1503
1433
1451
1465
1465
1520
1455
1482
1475
1549
1530
1594
1736
1936
2067
2034
1910
1757
1685
1505
1541
1361
1179
1020
921
885
854
862
857
767
728
687
669
837
1138
1787
2396
2931
3026
2519
1907
1158
653
359
261
280
393
568
894
1307
1968
2294
2427
2002
1595
936
543
336
194
161
150
145
117
138
138
162
138
145
143
152
158
170
181
181
184
173
179
159
145
158
119
100
101
85
105
92
86
89
74
75
95
97
81
86
106
86
89
74
86
70
88
76
84
66
69
86
86
77
74
64
74
79
60
80
62
92
85
107
100
100
124
107
111
103
109
83
108
80
89
90
89
80
95
75
79
91
78
79
68
75
61
55
59
48
48
37
29
29
38
32
30
22
34
25
30
46
45
47
78
95
100
140
133
139
144
126
118
109
61
69
44
33
26
16
24
14
14
11
8
8
12
13
7
9
15
10
9
7
14
14
15
12
8
9
9
0
