0
0
0
0
0
0
0
0
0
0
0
0
0
440
5191
13130
5810
4731
5202
6128
7633
7704
5799
4504
4062
3779
3596
3524
3650
3777
3421
2884
2494
2332
2317
2291
2229
2151
2047
2127
2131
2016
1968
2037
2090
2022
1889
1789
1897
2171
2425
2480
2236
1900
1779
2029
2570
3037
3128
2696
2057
1662
1554
1560
1531
1419
1405
1410
1418
1462
1447
1409
1456
1541
1556
1572
1644
1793
1943
2046
1968
1818
1656
1539
1513
1402
1213
1064
959
917
863
842
870
839
755
688
691
791
1100
1565
2246
2712
2961
2673
1980
1254
727
420
307
289
362
542
844
1331
1827
2224
2300
2027
1552
994
569
338
219
163
141
135
140
146
154
155
142
139
144
140
145
166
185
193
193
169
166
171
157
141
136
119
111
90
87
95
105
87
86
78
82
78
77
78
74
73
80
71
76
83
85
68
57
84
70
78
87
83
85
82
81
72
76
70
83
85
89
95
92
106
119
113
97
82
93
93
81
79
84
82
75
82
85
76
84
89
88
90
83
71
62
59
55
47
43
42
39
37
33
30
29
29
30
27
28
37
43
59
74
88
111
128
136
135
134
134
116
87
70
52
47
34
26
12
18
20
14
16
13
15
14
11
10
9
11
12
16
8
15
6
16
3
