4
50
29
0
0
0
0
0
2995
16928
4927
4627
5127
5751
7325
8903
6345
4534
4183
3942
3640
3584
3537
3834
3851
3146
2676
2375
2330
2354
2295
2231
2147
2018
2240
2123
1997
1967
2104
2146
2023
1905
1707
1938
2219
2531
2595
2282
1836
1725
1927
2623
3117
3326
2854
2083
1648
1556
1578
1593
1429
1418
1430
1420
1480
1481
1420
1438
1555
1574
1578
1604
1757
1893
2084
2063
1906
1772
1563
1551
1518
1333
1140
1027
927
929
836
861
893
827
732
678
709
838
1215
1715
2458
2840
3046
2617
1849
1134
645
372
294
285
371
561
858
1408
1899
2350
2395
2061
1581
939
519
321
203
162
135
139
138
153
148
173
133
140
153
135
145
162
198
186
216
163
163
183
164
135
149
114
123
89
89
92
115
88
90
77
83
79
78
79
75
73
83
72
77
84
90
74
48
90
70
77
90
83
89
81
89
68
83
64
86
88
88
99
93
96
129
112
116
72
93
104
84
75
87
86
76
71
100
74
73
102
83
95
93
70
66
56
64
45
44
42
42
34
40
27
34
25
34
29
21
40
40
55
76
82
109
129
140
136
135
139
127
89
76
51
51
34
31
10
19
24
13
19
13
17
14
11
10
11
13
13
18
9
16
7
17
4
10
14
8
0
