0
0
0
0
0
0
0
0
0
0
0
0
0
439
5175
13090
5839
4708
5267
6169
7710
7743
5890
4589
4081
3826
3626
3519
3654
3808
3480
2868
2508
2350
2277
2214
2129
2113
2103
2119
2148
2105
2031
2034
2050
1973
1832
1765
1873
2136
2411
2487
2269
1952
1820
2028
2495
3017
3228
2806
2092
1677
1521
1543
1543
1451
1349
1412
1395
1430
1426
1410
1403
1442
1495
1517
1594
1763
1944
1986
1918
1812
1702
1581
1453
1336
1200
1049
960
906
901
873
854
827
765
724
722
806
1040
1521
2113
2742
2936
2658
2050
1370
776
441
299
277
352
527
817
1283
1794
2200
2345
2067
1590
1065
636
355
220
179
154
134
135
144
142
145
143
136
140
143
144
146
168
184
195
180
170
165
156
130
114
118
101
98
88
100
95
99
82
76
86
84
79
85
72
75
73
73
91
93
75
80
92
82
85
70
62
77
64
68
74
80
67
66
72
77
87
94
91
92
110
120
104
88
86
83
74
73
81
83
87
87
82
81
84
85
82
73
67
65
56
47
46
43
41
42
36
34
31
27
25
27
32
29
31
35
42
57
74
78
105
134
145
148
149
141
110
97
80
69
44
25
12
11
12
23
14
16
14
10
12
18
10
9
10
6
9
9
8
16
11
10
