0
0
0
0
0
0
0
0
0
0
0
0
0
425
5202
13429
5721
4694
5297
6219
7654
7650
5757
4531
4101
3821
3633
3511
3648
3853
3499
2875
2482
2293
2293
2286
2206
2175
2135
2044
2071
2046
1946
1975
2056
2053
1894
1803
1945
2178
2452
2496
2215
1897
1787
2024
2532
3027
3098
2674
2076
1672
1560
1530
1489
1447
1387
1407
1404
1464
1435
1410
1457
1517
1528
1587
1657
1779
1896
1977
1908
1789
1640
1552
1477
1369
1237
1048
939
900
883
846
818
789
744
687
693
795
1074
1559
2257
2820
2932
2604
1951
1220
672
429
288
289
376
583
920
1394
1962
2251
2274
1992
1491
980
588
340
218
175
149
134
137
142
141
140
144
150
153
148
160
172
183
196
195
192
191
172
140
124
119
113
97
86
83
82
95
99
77
68
92
87
84
92
91
75
69
76
70
73
77
80
85
82
76
70
66
61
62
75
84
65
69
86
82
84
90
97
108
115
113
113
113
107
102
93
88
94
85
81
88
78
80
90
82
85
87
77
73
59
57
58
52
45
39
37
38
36
29
29
36
24
26
33
34
37
52
63
81
92
104
124
134
136
135
129
106
89
76
64
45
28
20
16
12
11
15
16
15
11
10
10
11
15
17
13
8
9
9
8
9
9
