4
50
33
0
0
0
0
0
2838
17152
4781
4536
5189
5668
7364
8620
6409
4663
4305
3993
3644
3529
3599
3948
3936
3217
2770
2502
2374
2317
2291
2176
2121
2232
2218
2176
1997
1968
2020
2065
2089
1844
1774
1855
2170
2564
2649
2290
1833
1707
2024
2560
2985
3333
2802
2189
1742
1559
1608
1607
1460
1490
1387
1426
1526
1480
1486
1498
1451
1433
1539
1591
1757
1898
2034
2015
1947
1695
1553
1498
1435
1330
1112
1032
928
902
905
866
860
796
736
697
734
773
1084
1678
2320
2906
3062
2689
1845
1171
649
393
303
296
371
561
930
1372
1885
2356
2325
2036
1578
983
528
335
219
148
160
124
144
139
130
146
150
124
147
135
160
188
196
212
189
213
184
166
138
148
126
122
106
100
77
89
90
96
94
89
90
81
76
101
75
81
79
70
73
76
83
79
81
75
75
70
76
76
69
84
65
50
56
73
76
69
97
81
106
108
125
121
115
108
103
95
89
103
85
87
87
79
81
89
74
76
85
86
67
68
76
58
69
58
41
42
34
37
37
28
30
29
31
33
34
38
30
56
68
82
96
137
115
170
116
133
94
116
90
63
44
38
37
14
14
12
19
14
11
12
13
17
14
10
15
13
10
9
12
10
11
12
9
8
4
0
