0
0
0
0
0
0
0
0
0
0
0
0
0
417
5095
13202
5870
4697
5142
6077
7590
7748
5938
4647
4203
3892
3581
3488
3668
3863
3487
2855
2527
2358
2292
2312
2245
2132
2093
2163
2163
2054
1928
1976
2052
1987
1886
1794
1871
2125
2360
2427
2223
1885
1732
1940
2454
2987
3099
2703
2139
1720
1554
1544
1520
1439
1472
1484
1430
1445
1463
1466
1435
1528
1517
1505
1598
1769
1913
2003
2004
1796
1597
1561
1481
1339
1187
1068
979
938
908
839
815
796
762
701
692
740
1022
1539
2250
2710
2938
2712
2061
1279
757
453
290
284
338
505
869
1309
1781
2153
2298
2047
1570
1061
644
373
223
157
139
131
121
129
146
148
142
142
145
143
156
173
182
194
198
197
192
168
148
139
121
99
113
103
94
84
83
83
82
81
89
92
96
92
69
78
81
95
87
79
75
89
83
66
70
73
73
74
73
82
80
83
79
82
83
80
80
83
97
113
109
104
109
102
89
86
84
82
83
80
80
78
80
79
82
86
89
82
72
68
62
58
51
47
44
34
33
35
32
30
30
31
32
29
29
39
46
52
69
95
113
127
143
138
143
133
119
101
81
58
44
31
19
18
12
13
10
12
9
11
12
13
13
15
9
8
12
13
7
7
10
10
