4
50
36
0
0
0
0
0
2864
16866
4919
4533
5057
5769
7296
8625
6338
4554
4304
3911
3661
3575
3513
3850
3899
3297
2640
2448
2294
2417
2238
2262
2224
2126
2171
2133
2065
1997
2053
2104
2112
1872
1731
2020
2173
2462
2636
2318
1920
1679
1944
2403
3087
3359
2882
2178
1673
1595
1525
1642
1512
1545
1477
1417
1509
1388
1467
1441
1460
1517
1573
1576
1807
1901
2098
2115
1926
1736
1616
1478
1501
1348
1143
1000
979
950
878
833
830
755
729
673
684
799
1158
1649
2333
2900
2978
2636
1849
1189
657
430
291
300
372
550
925
1336
1934
2211
2443
2019
1603
1006
588
317
198
163
164
132
160
150
152
145
144
127
130
141
150
171
206
195
221
177
176
158
177
126
109
127
106
98
109
96
87
93
97
87
91
99
97
76
73
81
91
72
77
83
81
89
71
81
78
65
76
75
72
78
66
70
83
72
62
74
91
83
98
100
116
119
110
76
108
99
100
96
97
81
59
100
93
89
77
83
79
90
89
86
58
68
52
49
36
49
36
37
31
39
26
36
34
20
36
27
54
76
69
82
117
134
143
143
162
142
113
90
68
67
39
35
27
20
20
11
16
10
12
16
14
17
15
8
7
12
11
12
17
7
12
10
5
8
4
0
