0
0
0
0
0
0
0
0
0
0
0
0
0
396
5070
13413
5633
4830
5299
6265
7751
7633
5719
4462
4037
3775
3571
3524
3663
3766
3443
2873
2503
2358
2257
2218
2202
2210
2161
2135
2148
2044
1998
2048
2083
2032
1859
1774
1929
2193
2413
2437
2193
1900
1859
2152
2645
3055
3053
2607
2045
1653
1523
1519
1502
1476
1464
1473
1484
1473
1430
1457
1487
1508
1557
1584
1656
1821
1937
1963
1870
1734
1609
1529
1468
1334
1180
1042
965
931
879
873
890
839
745
710
707
860
1191
1738
2326
2802
2960
2595
1782
1126
650
354
311
307
400
605
964
1470
1952
2229
2253
1881
1378
876
511
322
208
163
145
150
144
138
144
144
142
146
149
153
160
172
179
183
173
191
187
158
141
122
121
105
107
98
89
82
80
79
78
81
98
86
88
81
72
85
86
77
83
81
81
82
77
81
80
81
83
76
71
74
75
72
74
70
73
80
91
98
106
116
115
110
111
102
88
88
93
85
76
78
84
79
73
75
83
86
76
67
68
71
63
56
54
51
49
44
30
28
29
29
23
26
26
25
28
37
49
64
81
97
119
141
156
134
135
153
92
73
67
47
31
24
21
20
19
19
12
11
10
11
10
11
10
9
9
8
7
10
5
6
10
12
