0
0
0
0
0
0
0
0
0
0
0
0
0
382
4993
13417
5734
4785
5236
6118
7631
7641
5734
4536
4155
3848
3630
3551
3739
3873
3537
2883
2541
2378
2291
2243
2173
2125
2058
2048
2090
2071
2034
2044
2073
2009
1862
1779
1868
2142
2433
2475
2200
1881
1790
2048
2576
3037
3063
2632
2063
1682
1553
1529
1508
1476
1468
1453
1494
1445
1447
1439
1430
1471
1584
1561
1674
1798
1927
2022
1965
1780
1675
1571
1479
1414
1256
1078
956
916
885
849
855
815
747
693
679
814
1072
1595
2216
2779
2992
2604
1909
1245
637
345
287
279
340
547
901
1361
1862
2292
2307
1991
1458
939
561
318
202
171
153
156
149
138
135
146
148
139
138
151
167
178
182
183
189
178
163
149
134
131
116
101
98
94
95
98
96
87
86
93
93
87
80
77
82
89
81
72
68
75
80
89
82
80
84
75
69
76
72
76
72
85
77
71
66
68
86
101
109
113
114
120
113
112
108
92
87
88
83
80
85
78
80
85
82
82
86
84
72
69
58
57
49
48
42
41
33
30
32
31
30
30
28
26
30
45
50
60
78
91
113
126
133
146
140
129
112
89
80
56
34
30
29
21
15
13
10
10
12
11
10
11
13
11
10
9
12
14
10
8
10
11
