4
50
39
0
0
0
0
0
2568
17231
4902
4679
5188
5672
7341
8775
6351
4498
4341
3999
3712
3580
3575
3951
3927
3315
2592
2504
2338
2296
2251
2168
2138
2049
2076
2135
2077
2042
2067
2125
2040
1833
1768
1829
2182
2516
2630
2223
1860
1712
1944
2534
3134
3262
2797
2154
1683
1563
1541
1548
1476
1512
1431
1537
1458
1467
1451
1465
1391
1643
1527
1632
1755
1877
2014
2110
1881
1722
1693
1496
1510
1392
1208
1024
931
927
879
844
879
807
740
688
678
849
1117
1687
2315
2865
3040
2598
1884
1227
616
332
286
277
329
528
880
1344
1844
2374
2394
2107
1534
980
583
328
183
189
140
167
150
143
129
146
160
137
139
144
171
176
190
178
191
197
158
164
134
131
133
97
104
93
95
101
102
89
83
95
96
91
83
78
77
92
86
77
66
77
72
93
84
78
87
84
61
83
67
86
61
89
81
74
69
62
75
100
107
118
111
122
121
108
121
100
87
90
88
80
82
90
70
89
82
84
85
91
80
67
72
51
62
41
54
36
46
27
34
34
30
30
33
25
29
34
55
50
69
89
97
128
132
139
156
132
127
104
77
82
37
30
31
27
15
14
11
9
16
11
11
9
17
11
10
10
14
15
13
8
12
9
19
11
5
0
