0
0
0
0
0
0
0
0
0
0
0
0
0
402
4995
13162
5991
4599
5124
6085
7590
7782
6023
4585
4033
3760
3573
3479
3622
3798
3525
2972
2575
2364
2261
2252
2214
2146
2150
2149
2156
2105
2007
1991
2025
2009
1887
1814
1891
2085
2350
2488
2286
1937
1823
2008
2418
2878
3101
2732
2160
1733
1547
1525
1537
1494
1450
1458
1420
1420
1421
1386
1421
1479
1524
1582
1617
1743
1861
1957
2012
1901
1691
1552
1447
1382
1225
1047
930
880
864
845
830
787
738
696
689
742
978
1460
2020
2625
2994
2814
2188
1461
869
501
336
300
355
495
740
1174
1697
2097
2265
2115
1692
1167
716
408
236
172
156
144
144
149
141
138
132
130
138
142
157
179
194
186
204
184
189
158
147
142
131
112
101
98
102
97
78
83
84
83
83
90
77
72
89
77
71
86
78
80
81
74
81
78
73
65
64
70
72
72
72
70
70
74
81
77
78
78
90
108
122
119
110
110
102
88
84
83
79
82
84
81
79
82
85
84
92
83
73
70
64
59
57
52
47
41
35
35
39
34
34
30
31
29
27
39
41
44
55
80
94
114
149
145
137
129
120
114
97
68
42
30
31
30
18
14
12
11
10
11
9
9
11
11
10
9
9
6
9
7
7
11
