4
50
41
0
0
0
0
0
2804
17241
4927
4447
5086
5721
7393
8864
6604
4624
4140
3892
3650
3536
3492
3859
3904
3267
2704
2473
2314
2267
2296
2204
2153
2203
2156
2222
2083
1994
2030
2071
2070
1805
1853
1887
2175
2430
2675
2262
1851
1797
2004
2485
2965
3318
2776
2162
1719
1545
1544
1570
1518
1465
1486
1440
1440
1447
1402
1430
1493
1531
1603
1610
1735
1861
1958
2052
2025
1743
1633
1465
1447
1337
1107
975
888
885
865
846
835
762
728
682
709
790
1150
1748
2302
2941
3129
2670
1909
1198
675
399
298
305
382
558
810
1379
1903
2267
2367
2093
1571
1008
598
323
192
164
161
131
158
149
137
145
127
134
144
141
165
186
207
175
224
172
203
149
151
142
131
111
101
99
105
97
77
87
85
83
86
93
77
73
95
76
69
93
76
84
84
72
87
77
77
61
64
75
72
76
71
72
70
72
94
67
92
66
102
102
140
115
108
118
104
82
89
85
75
89
85
81
81
84
94
74
109
76
73
70
63
58
61
50
46
40
34
37
41
32
36
29
33
29
27
44
41
47
60
89
99
121
161
143
137
127
120
114
93
59
35
28
35
28
14
14
11
12
11
13
6
15
11
11
8
13
5
10
10
5
11
13
12
7
10
0
