4
50
42
0
0
0
0
0
2738
17105
4779
4691
5092
5808
7267
8862
6522
4708
4232
3959
3735
3560
3456
3739
3828
3341
2537
2402
2281
2208
2295
2182
2126
2209
2153
2128
2056
2002
2044
2182
2128
1856
1727
1867
2132
2496
2617
2291
1851
1704
1969
2509
2949
3391
2877
2063
1648
1514
1573
1553
1540
1412
1455
1469
1508
1552
1442
1463
1479
1535
1495
1576
1749
1845
2061
2124
2006
1731
1596
1532
1439
1395
1136
1060
952
893
898
851
837
833
783
730
688
834
1094
1692
2338
2951
3000
2648
1942
1212
725
404
289
280
361
544
880
1365
1983
2222
2394
2079
1530
999
608
304
211
138
142
150
141
139
144
149
143
137
157
133
160
178
178
192
209
166
172
160
161
156
114
123
116
99
93
99
82
84
84
75
76
77
75
91
85
90
77
82
82
88
72
80
79
86
71
78
72
79
68
84
72
75
65
79
92
86
98
83
85
95
102
130
115
126
103
87
78
73
70
69
81
71
86
93
94
82
71
76
65
81
65
62
68
48
58
49
49
24
27
31
26
23
31
24
32
29
37
47
68
100
103
133
163
131
148
151
107
97
103
68
53
30
24
16
16
14
9
14
8
16
17
12
12
18
10
10
6
12
16
7
11
10
15
9
10
0
