0
0
0
0
0
0
0
0
0
0
0
0
0
398
4989
13130
5805
4745
5193
6122
7568
7740
5976
4637
4109
3835
3627
3480
3561
3716
3517
2890
2469
2309
2214
2231
2199
2122
2146
2146
2106
2054
2001
2017
2097
2083
1907
1771
1844
2087
2376
2485
2263
1914
1776
1999
2454
2920
3147
2746
2070
1656
1524
1542
1532
1495
1408
1438
1457
1497
1508
1428
1448
1473
1506
1503
1611
1762
1896
2056
2050
1871
1653
1548
1471
1402
1252
1088
992
911
886
860
834
825
792
741
696
774
990
1477
2095
2718
2937
2713
2115
1391
845
485
318
283
345
512
818
1273
1801
2144
2267
2063
1590
1079
662
373
222
158
139
143
142
139
141
144
142
140
144
143
154
170
177
189
194
172
165
160
158
147
120
119
113
98
93
94
81
81
82
75
75
76
75
89
83
87
76
80
80
84
73
78
79
81
72
76
73
75
71
78
73
71
69
79
87
88
90
84
85
93
107
120
118
115
100
86
77
73
70
72
75
76
83
89
88
80
74
71
70
72
67
63
61
54
53
50
42
28
26
28
26
24
27
26
29
31
36
48
70
94
105
132
152
135
144
143
109
96
96
69
52
31
24
16
15
14
9
12
8
13
14
13
12
15
11
10
7
10
14
8
9
10
