0
0
0
0
0
0
0
0
0
0
0
0
0
367
4947
13520
5692
4737
5213
6134
7691
7802
5889
4557
4084
3810
3610
3537
3723
3792
3503
2888
2538
2310
2248
2271
2224
2140
2113
2109
2123
2063
1989
2009
2068
2037
1858
1770
1873
2146
2454
2507
2230
1874
1801
2084
2603
3089
3126
2660
2072
1677
1529
1572
1579
1493
1466
1437
1428
1443
1413
1450
1423
1468
1545
1595
1681
1823
1966
2038
1934
1760
1588
1502
1448
1332
1178
1055
942
895
879
860
853
809
748
684
713
806
1101
1624
2261
2750
2922
2570
1887
1162
633
407
312
268
382
567
891
1361
1867
2223
2328
1996
1516
967
545
315
210
171
153
143
142
140
141
144
145
140
145
153
155
153
184
213
203
193
177
159
144
124
116
111
105
89
77
74
72
72
76
83
85
86
91
90
81
74
76
81
85
80
78
92
85
72
73
70
73
70
72
74
73
75
71
69
69
75
83
99
112
112
113
123
120
102
92
89
85
80
85
85
87
93
88
87
86
80
85
92
83
66
58
51
48
52
46
43
33
30
31
31
25
23
26
32
34
39
55
70
73
91
100
112
136
140
124
122
107
104
63
44
32
25
20
18
21
19
17
14
11
10
12
13
14
14
16
17
14
7
6
8
11
11
