4
50
43
0
0
0
0
0
2452
17268
4955
4616
5135
5690
7327
8903
6580
4609
4245
3923
3718
3545
3573
3916
3797
3346
2610
2492
2240
2277
2303
2220
2134
2134
2126
2163
2062
1979
2035
2110
2113
1802
1751
1863
2120
2580
2607
2345
1807
1713
2002
2502
3169
3348
2864
2164
1725
1503
1557
1653
1514
1479
1478
1407
1500
1389
1488
1431
1439
1535
1589
1617
1772
1883
2098
2041
1912
1688
1541
1507
1460
1296
1139
1047
897
913
876
865
869
806
749
669
725
802
1123
1669
2329
2812
2982
2604
1911
1186
648
415
318
261
370
538
840
1300
1840
2219
2441
2106
1654
1067
590
333
215
173
159
142
146
140
144
143
151
141
138
158
156
159
150
223
223
185
199
161
154
137
111
121
106
105
76
76
71
74
75
82
88
84
90
95
86
77
73
82
84
89
70
86
102
69
79
67
76
71
71
77
70
79
72
72
67
72
81
83
113
118
110
114
138
112
97
90
90
84
76
96
78
94
95
85
90
84
77
92
96
79
61
57
49
48
56
43
45
29
33
31
30
23
22
30
36
33
43
61
76
74
100
104
118
147
141
119
127
102
105
46
41
29
23
18
18
25
16
18
11
12
10
17
13
17
13
21
14
14
4
9
10
15
9
9
8
0
