0
0
0
0
0
0
0
0
0
0
0
0
0
378
4899
13232
6027
4706
5222
6061
7543
7793
5991
4603
4099
3825
3668
3584
3667
3735
3461
2947
2562
2384
2325
2277
2184
2127
2094
2136
2123
2027
1984
1996
2022
1999
1889
1793
1884
2146
2417
2483
2275
1970
1794
1947
2420
2963
3133
2796
2219
1731
1546
1550
1535
1511
1402
1395
1480
1430
1405
1412
1433
1447
1497
1501
1536
1668
1869
1943
1964
1841
1671
1597
1522
1389
1252
1109
997
893
862
844
827
788
750
717
695
766
985
1389
1973
2554
2920
2806
2181
1431
832
472
323
292
330
493
779
1198
1694
2115
2296
2121
1675
1154
704
394
227
168
140
129
137
147
136
127
131
139
140
135
141
173
181
186
196
188
194
177
149
123
111
104
90
97
83
97
100
91
77
77
79
88
89
82
92
83
64
82
88
79
84
77
72
70
68
73
66
64
67
64
62
69
82
86
81
75
84
92
94
100
109
119
123
117
107
93
81
80
81
75
76
79
81
83
85
81
80
80
77
79
73
72
66
56
49
39
36
33
30
31
33
27
30
33
28
29
42
51
69
83
100
132
141
153
155
133
136
99
82
63
52
35
30
20
13
11
14
11
10
9
13
16
12
10
11
13
11
8
9
10
9
8
