4
50
45
0
0
0
0
0
2629
17297
4989
4548
5224
5716
7249
8924
6596
4563
4270
3923
3738
3654
3592
3838
3774
3250
2695
2459
2364
2345
2278
2164
2149
2098
2222
2112
2016
2004
2029
2071
2031
1877
1739
1936
2210
2571
2564
2284
1939
1715
1931
2445
3126
3292
2880
2247
1703
1537
1582
1553
1555
1418
1396
1508
1454
1425
1428
1453
1455
1518
1518
1534
1620
1874
1948
2019
1938
1734
1614
1616
1442
1347
1166
1057
949
850
887
832
839
767
748
709
696
831
1120
1612
2273
2812
3068
2718
1908
1189
649
381
295
292
341
562
865
1348
1883
2281
2421
2090
1582
1012
612
297
204
153
142
113
156
147
135
122
138
144
142
134
136
195
177
192
204
184
205
177
148
121
111
106
88
102
83
101
103
92
77
81
81
91
91
83
96
84
60
88
92
78
89
78
71
70
67
79
64
63
72
62
64
67
90
86
87
69
89
98
90
107
108
127
124
119
109
99
72
88
83
72
81
81
85
80
97
75
87
79
77
88
67
80
65
55
51
37
36
33
30
33
36
25
33
35
27
30
46
53
74
88
105
139
145
159
158
130
140
92
80
60
51
31
29
18
11
12
18
9
13
7
18
17
10
10
15
14
9
9
11
11
9
9
5
5
11
0
