4
50
47
0
0
0
0
0
2725
17211
4870
4606
5160
5725
7356
8831
6459
4489
4183
3889
3787
3507
3635
3864
3852
3183
2666
2388
2378
2268
2258
2108
2111
2082
2184
2179
2046
2052
2065
2081
2057
1802
1827
1849
2238
2486
2646
2346
1844
1725
1951
2368
2992
3342
2812
2073
1678
1525
1574
1535
1523
1478
1500
1511
1441
1443
1429
1519
1523
1581
1579
1579
1737
1858
2020
1982
1871
1700
1674
1550
1462
1390
1170
1029
953
890
898
819
836
764
766
723
710
829
1120
1659
2382
3009
2985
2651
1958
1232
663
405
315
308
320
538
843
1357
1844
2301
2361
2106
1680
990
593
335
246
168
159
134
174
148
157
164
157
151
142
142
159
173
198
172
205
187
160
174
149
120
133
121
113
95
93
88
78
98
94
83
87
95
75
97
98
97
91
70
89
75
80
84
64
95
75
76
72
64
73
65
60
81
93
60
69
90
77
90
88
103
113
108
110
99
109
100
81
107
69
77
105
78
80
75
80
86
83
72
96
71
69
71
60
53
44
39
44
30
41
33
36
27
22
25
26
34
44
43
66
78
104
135
148
167
128
128
110
92
87
67
44
44
25
21
20
12
9
11
10
11
15
11
18
7
12
24
13
7
7
7
11
13
5
8
7
0
