4
50
48
0
0
0
0
0
2725
17260
4783
4547
5137
5640
7351
8729
6530
4589
4234
3869
3719
3608
3598
3812
3996
3271
2636
2392
2327
2367
2276
2263
2124
2127
2149
2191
2099
2022
2010
2090
2026
1812
1735
1841
2242
2487
2648
2233
1892
1698
2056
2524
3124
3334
2876
2137
1728
1520
1504
1572
1463
1382
1482
1498
1466
1471
1462
1418
1460
1525
1566
1617
1725
1823
2054
1987
2023
1722
1641
1592
1510
1394
1139
1038
921
871
873
827
875
849
759
697
654
840
1101
1674
2229
2903
2958
2650
2024
1324
724
413
282
274
341
505
858
1283
1828
2183
2418
1994
1585
1060
585
304
243
166
148
145
167
162
163
159
130
131
135
157
161
173
179
204
208
194
211
152
152
128
120
121
87
99
98
89
88
83
104
92
78
94
75
87
83
93
78
86
70
93
95
84
74
75
74
75
69
66
65
58
67
70
67
81
73
83
83
94
90
99
110
122
109
106
125
88
82
79
72
83
86
93
85
81
88
88
76
80
88
77
73
59
53
50
53
30
30
40
33
26
27
29
26
30
41
29
40
62
56
74
98
115
123
140
141
169
136
96
73
67
60
30
24
22
18
13
17
14
20
10
8
8
13
8
9
10
17
11
10
6
8
13
6
12
10
0
