4
50
50
0
0
0
0
0
2731
17229
4976
4709
5149
5659
7424
8870
6434
4605
4325
3954
3670
3521
3632
3782
3973
3259
2518
2404
2344
2358
2272
2138
2129
2159
2201
2084
2069
2032
2025
2090
2109
1817
1667
1976
2172
2537
2632
2304
1899
1701
1977
2428
3106
3367
2902
2151
1672
1513
1569
1530
1495
1511
1415
1446
1460
1457
1423
1403
1488
1519
1559
1570
1749
1825
1997
2108
1978
1683
1654
1519
1493
1385
1176
982
953
909
906
880
877
803
770
687
649
759
1125
1637
2312
2804
3017
2687
1938
1171
726
399
298
309
365
525
807
1260
1856
2290
2320
2064
1543
1073
602
362
249
152
146
159
150
141
158
126
132
138
110
156
150
172
185
190
212
180
199
179
145
155
115
114
107
109
92
76
89
83
95
85
71
88
84
93
68
92
93
81
76
88
73
79
75
68
75
84
83
68
72
57
67
79
75
61
90
86
71
89
92
123
112
126
104
115
100
88
97
71
88
77
70
80
76
69
68
83
77
89
65
69
77
68
53
52
47
32
41
31
30
28
21
26
21
29
32
40
45
42
62
89
105
121
131
175
160
144
122
101
74
64
37
28
25
30
20
16
10
21
10
19
14
11
10
13
9
17
12
7
15
14
10
9
7
4
6
0
