0
0
0
0
0
0
0
0
0
0
0
0
0
405
5094
13396
5790
4799
5209
6131
7702
7733
5839
4590
4137
3808
3580
3550
3665
3837
3515
2825
2453
2346
2329
2278
2161
2110
2127
2157
2099
2049
2022
2013
2050
2032
1856
1750
1909
2176
2437
2501
2255
1919
1800
2025
2512
3031
3150
2709
2078
1662
1530
1535
1506
1486
1464
1412
1434
1444
1430
1403
1420
1484
1517
1554
1631
1772
1888
2018
2006
1811
1642
1565
1482
1403
1238
1047
952
916
896
879
866
815
768
698
652
732
1049
1538
2190
2710
2958
2693
1984
1215
749
420
305
307
370
533
824
1281
1829
2211
2239
1966
1496
1018
605
365
237
164
149
153
147
145
143
131
130
125
129
145
157
171
182
194
194
189
188
166
151
136
117
110
106
100
86
81
85
86
89
80
76
86
86
83
76
91
88
79
78
82
73
77
73
69
77
83
76
67
65
60
71
77
70
72
87
79
78
90
105
117
116
114
107
106
93
91
82
79
82
74
74
77
72
69
75
79
82
74
67
72
71
60
53
49
38
36
34
31
29
24
22
23
24
29
34
40
42
51
74
94
110
123
151
163
151
132
111
88
70
50
34
27
26
25
18
14
13
14
14
15
13
11
10
10
11
14
11
8
14
12
9
8
