4
50
1
0
0
0
0
0
3788
14660
4426
4078
4698
5304
6719
9161
7118
4692
4245
3827
3657
3519
3313
3744
3815
3307
2612
2330
2171
2240
2104
2040
1961
1906
2007
2033
1979
2100
1982
2180
2170
2024
1939
1783
2138
2417
2724
2595
2194
1775
1587
1574
1525
1481
1470
1508
1563
1565
1687
1779
1655
1621
1558
1560
1474
1566
1599
1571
1696
1676
1640
1647
1793
1943
2035
2274
2174
2127
1882
1707
1692
1556
1441
1217
1062
973
1004
913
903
905
884
838
765
783
849
1176
1859
2527
3228
3292
2923
2189
1308
737
500
296
302
386
510
868
1408
1941
2434
2628
2393
1927
1216
739
447
254
197
164
177
161
145
147
166
131
161
162
130
129
196
201
226
222
205
203
172
188
167
133
130
96
116
93
103
101
78
93
85
96
94
79
101
83
78
88
100
105
74
78
81
84
85
83
76
90
88
93
82
85
84
75
75
69
76
96
102
100
109
103
111
102
140
128
98
110
83
104
96
93
88
87
106
90
94
109
90
89
104
75
76
79
63
69
55
47
40
44
39
40
25
22
42
34
21
38
39
56
74
96
106
129
141
166
146
148
145
125
94
83
59
41
28
25
24
22
15
6
12
19
11
10
19
11
18
12
8
9
9
13
20
14
10
0
