4
50
4
0
0
0
0
0
4441
14001
4431
4105
4696
5369
6436
9118
7378
4695
4120
3946
3635
3495
3433
3545
3918
3374
2634
2291
2157
2132
2061
2014
2008
1980
2038
2085
2104
1983
2031
2063
2220
2030
1826
1799
2057
2476
2913
2627
2193
1750
1531
1479
1508
1501
1490
1468
1523
1565
1698
1608
1645
1577
1615
1552
1632
1558
1641
1538
1601
1616
1664
1742
1828
1906
2098
2225
2271
2183
1865
1664
1641
1600
1429
1243
1107
1049
973
948
932
888
870
838
782
697
802
1185
1819
2406
3143
3364
2982
2204
1445
788
472
323
312
366
513
848
1297
1944
2422
2647
2469
1967
1252
702
429
235
214
155
168
159
174
153
168
163
164
132
162
174
175
176
195
240
225
222
167
153
145
129
102
107
117
72
107
97
105
99
99
92
106
94
86
84
111
86
101
91
79
86
90
91
88
81
82
86
93
77
77
85
65
80
89
76
72
78
75
96
118
116
120
118
95
108
125
106
102
96
91
107
101
94
102
85
76
93
88
66
85
76
81
59
68
52
55
50
37
27
29
33
27
29
26
33
38
35
43
57
64
67
107
124
157
147
151
155
127
116
107
85
52
49
38
35
21
13
12
22
14
15
11
17
16
16
12
6
16
5
11
8
17
11
9
0
