0
0
0
0
0
0
0
0
0
0
0
0
0
727
6246
11430
4546
4220
4906
5841
7735
8393
6238
4535
4016
3662
3433
3365
3502
3714
3511
2846
2366
2189
2076
2067
2051
2011
1948
1931
1992
2003
1987
2102
2094
2140
1927
1795
1916
2240
2536
2693
2450
2036
1759
1608
1523
1549
1595
1556
1581
1580
1644
1717
1683
1588
1559
1541
1575
1555
1579
1568
1582
1631
1629
1684
1741
1881
2030
2178
2144
1971
1806
1714
1656
1564
1408
1216
1067
977
947
924
889
873
848
781
756
787
986
1463
2107
2845
3263
3115
2531
1714
990
573
374
317
365
508
809
1286
1846
2361
2544
2384
1912
1321
814
475
278
195
174
163
151
148
149
146
147
144
143
146
150
169
187
206
215
212
202
188
173
146
132
126
115
113
108
101
95
95
97
86
89
108
109
93
87
81
74
78
85
92
87
82
87
83
85
83
84
82
66
66
73
70
72
74
74
78
83
93
101
116
130
122
111
115
111
99
93
93
98
103
101
94
88
89
88
90
93
85
77
75
78
74
66
58
48
43
39
42
43
40
35
30
29
30
30
34
46
58
65
89
111
139
155
150
147
148
133
108
89
64
51
39
31
21
11
15
14
11
14
9
11
12
12
13
6
7
8
10
13
11
12
8
