0
0
0
0
0
0
0
0
0
0
0
0
0
663
6044
11835
4496
4252
4879
5847
7696
8194
6049
4506
4032
3714
3496
3438
3568
3780
3457
2744
2269
2112
2170
2136
2015
1953
1845
1947
2064
2041
1951
2039
2066
2134
2030
1844
1946
2235
2515
2670
2480
2046
1692
1509
1473
1503
1515
1461
1506
1522
1616
1709
1672
1613
1616
1561
1642
1623
1638
1606
1570
1633
1693
1705
1762
1907
2078
2180
2211
2032
1830
1722
1656
1558
1374
1182
1060
1014
944
901
908
889
820
768
740
807
1073
1562
2258
2922
3214
3036
2461
1594
906
525
339
320
366
529
804
1318
1931
2416
2621
2425
1910
1300
753
438
262
195
169
152
148
145
140
150
158
153
155
145
149
175
189
188
204
206
191
195
177
163
141
128
112
108
107
107
96
100
97
90
87
91
96
91
85
85
85
83
85
80
76
82
79
77
80
80
76
83
96
88
78
79
86
86
80
83
94
105
115
118
122
131
134
120
108
103
98
93
89
88
91
91
92
96
97
94
84
74
78
83
76
68
68
61
49
45
40
35
34
34
33
32
32
26
26
34
47
63
73
82
101
138
161
160
158
150
126
112
96
68
48
34
34
30
22
21
19
9
11
13
16
16
11
12
13
15
14
11
8
10
7
6
