4
50
8
0
0
0
0
0
3833
14695
4225
4067
4749
5387
6863
9222
7291
4586
4326
3884
3673
3343
3453
3453
3855
3384
2556
2373
2283
2100
2147
2062
1919
1929
2093
2047
1988
2004
2063
2108
2245
2003
1843
1879
2091
2477
2765
2658
2235
1770
1565
1484
1636
1502
1464
1528
1560
1461
1634
1767
1562
1566
1651
1527
1542
1563
1586
1586
1554
1652
1647
1727
1742
1973
2073
2206
2198
2016
1851
1753
1640
1549
1481
1241
1115
1041
948
980
890
906
866
763
765
765
892
1158
1732
2599
3238
3431
2966
2251
1369
823
457
318
313
375
501
838
1372
1923
2462
2624
2428
1853
1273
778
430
261
178
161
156
160
163
143
142
162
146
134
149
158
193
216
189
243
220
179
169
159
124
151
118
115
85
92
86
86
83
99
95
72
81
93
92
72
65
85
85
95
95
99
75
66
75
77
83
70
77
70
72
75
83
87
86
82
72
86
102
85
118
114
104
128
133
133
108
91
96
93
102
95
71
100
79
91
82
98
98
79
94
73
67
50
47
51
56
48
60
33
29
33
37
31
22
42
31
29
38
43
74
82
97
114
156
157
176
169
110
104
92
70
59
35
31
20
14
14
17
15
19
19
19
18
18
13
13
13
10
7
10
7
19
16
6
0
