4
50
11
0
0
0
0
0
3682
14882
4456
4039
4694
5434
6506
9242
7427
4731
4208
3924
3563
3488
3553
3543
3900
3319
2531
2265
2095
2155
2056
1986
1890
1919
1987
2061
2063
2035
2022
2073
2108
2070
1876
1943
2011
2474
2741
2688
2254
1836
1568
1549
1541
1512
1496
1495
1516
1622
1610
1651
1741
1530
1590
1610
1549
1621
1624
1513
1536
1657
1701
1626
1651
1834
2129
2252
2168
2075
1817
1696
1678
1648
1493
1367
1093
949
941
925
918
869
855
765
690
741
838
1211
1789
2527
3215
3403
3054
2295
1373
811
468
320
279
324
540
856
1348
1874
2365
2677
2353
1872
1290
757
413
261
168
164
158
175
180
159
146
154
161
104
137
156
175
191
209
214
223
204
207
164
161
124
137
109
94
111
95
115
87
100
90
86
116
98
98
93
110
93
67
92
92
93
65
81
84
88
89
87
75
76
60
75
77
81
86
82
75
82
79
101
118
142
110
127
151
114
113
115
95
98
85
124
100
80
90
94
97
93
91
89
63
80
60
71
52
55
60
51
48
38
31
37
30
33
28
27
34
41
54
61
92
85
104
109
155
157
183
149
184
125
95
72
60
41
32
27
18
19
11
16
9
9
14
6
12
8
8
9
9
9
12
11
7
11
9
0
