4
50
13
0
0
0
0
0
3479
15011
4404
3956
4728
5343
6884
9085
7299
4736
4126
3938
3561
3501
3435
3650
3840
3395
2654
2319
2207
2116
2050
2027
2024
1870
1998
2093
2099
2021
1930
2087
2194
1933
1818
1887
2097
2487
2777
2572
2297
1751
1596
1597
1504
1564
1504
1444
1476
1626
1643
1641
1621
1613
1643
1497
1645
1553
1683
1592
1561
1681
1651
1651
1790
1989
2105
2243
2213
2000
1863
1782
1691
1563
1385
1278
1124
1068
1011
954
933
851
844
815
738
760
849
1143
1758
2555
3146
3362
2981
2135
1380
764
418
321
297
342
503
857
1474
1984
2495
2551
2454
1875
1215
764
373
234
165
147
167
157
173
180
144
145
135
140
162
167
156
161
210
237
209
197
188
192
166
133
117
112
93
109
104
100
84
101
95
101
96
99
85
84
89
87
86
82
92
78
86
87
90
81
95
92
73
99
68
72
91
86
82
53
78
67
93
76
107
118
137
123
135
104
120
100
83
81
95
86
100
76
96
77
98
90
76
67
96
77
61
60
61
59
52
44
40
36
40
36
33
26
31
40
39
43
37
64
81
88
105
120
139
166
169
153
116
120
112
71
58
49
37
20
14
16
9
19
14
8
7
9
18
17
20
15
11
15
13
9
12
10
5
0
