0
0
0
0
0
0
0
0
0
0
0
0
0
560
5686
12375
4428
4190
4915
5905
7752
8238
6082
4454
4026
3715
3524
3454
3575
3775
3500
2818
2384
2223
2125
2053
2026
2018
1882
1994
2084
2083
2005
1964
2100
2114
1908
1842
1955
2234
2586
2670
2445
2028
1685
1599
1540
1540
1522
1463
1464
1579
1632
1638
1623
1612
1634
1513
1625
1565
1661
1597
1574
1662
1652
1673
1815
1993
2126
2219
2147
1969
1843
1752
1645
1495
1348
1212
1105
1042
983
945
886
850
826
767
752
817
1047
1572
2323
2982
3298
3054
2295
1507
859
472
336
303
348
517
883
1455
1989
2427
2518
2334
1792
1185
714
382
229
167
154
161
163
172
164
147
140
137
148
160
161
158
185
219
219
204
193
190
176
147
124
115
100
103
104
101
88
94
95
97
97
97
88
84
86
87
86
83
88
81
82
85
88
84
90
89
81
87
74
73
84
86
76
63
69
75
83
87
103
120
129
128
122
113
110
97
85
85
89
91
88
85
86
87
91
85
73
79
84
72
62
60
59
56
49
43
39
37
37
35
30
28
33
38
39
40
50
69
82
94
110
127
150
164
160
134
119
116
89
65
53
42
28
17
15
12
13
14
11
8
7
12
16
17
17
13
12
13
10
9
10
7
