0
0
0
0
0
0
0
0
0
0
0
0
1
604
5878
12434
4271
4213
4981
5948
7910
8419
5987
4361
3965
3696
3471
3426
3595
3750
3457
2752
2318
2098
2169
2156
2050
1947
1966
2016
2102
2064
2040
2020
2087
2162
1956
1843
1954
2284
2649
2728
2413
1960
1686
1565
1491
1454
1523
1517
1518
1582
1687
1653
1680
1572
1542
1557
1677
1553
1623
1593
1614
1624
1674
1727
1829
1959
2116
2220
2128
1888
1749
1651
1583
1493
1303
1151
1046
960
944
934
921
882
836
763
726
889
1192
1720
2496
3229
3298
2948
2088
1341
687
409
332
319
419
601
1006
1552
2035
2518
2535
2261
1644
1018
569
327
205
172
164
155
151
157
155
145
146
148
144
163
175
189
198
209
224
206
202
190
169
168
120
104
120
107
106
110
93
91
97
86
90
92
83
75
86
86
84
93
81
86
79
80
87
93
85
97
87
74
72
81
82
77
80
84
82
92
91
91
114
123
128
133
119
110
95
90
92
83
85
91
88
90
94
108
108
92
93
89
73
74
72
67
60
60
52
47
42
38
43
29
29
31
30
31
40
51
54
67
83
101
128
146
147
172
163
145
130
93
73
54
41
38
25
19
18
14
11
12
19
14
12
11
14
15
16
13
15
12
10
14
11
16
