4
50
14
0
0
0
0
0
3574
14980
4387
3953
4760
5370
6817
9391
7327
4653
4104
3858
3590
3401
3433
3654
3787
3377
2617
2268
2073
2176
2156
2049
1946
1962
2005
2107
2066
2044
2013
2034
2227
2019
1832
1853
2082
2529
2784
2684
2189
1788
1617
1533
1468
1440
1557
1501
1519
1592
1708
1641
1690
1560
1539
1551
1682
1547
1625
1589
1613
1614
1665
1701
1795
1910
2063
2217
2239
1961
1786
1705
1586
1588
1415
1214
1108
1008
928
956
923
922
867
831
744
706
909
1206
1740
2534
3294
3321
2998
2122
1395
717
419
335
304
391
521
866
1430
1856
2493
2580
2475
1898
1235
691
402
227
177
164
165
142
160
151
161
131
160
140
146
173
175
196
198
212
231
198
206
187
163
177
109
101
125
104
107
113
91
92
99
85
90
93
84
74
86
86
82
95
80
88
79
79
85
97
80
98
93
75
68
80
84
77
77
87
77
90
98
78
103
129
111
148
119
120
103
88
93
94
73
93
89
86
93
92
118
105
84
100
86
65
79
68
68
56
65
47
47
41
34
50
22
31
30
31
31
41
54
52
67
84
99
130
150
140
178
165
143
136
91
74
54
40
39
25
18
17
13
10
12
21
13
11
12
15
16
15
11
17
12
9
14
10
19
0
