4
50
15
0
0
0
0
0
3326
15042
4515
4057
4704
5300
6826
9107
7352
4782
4168
3914
3561
3445
3383
3583
3785
3359
2602
2401
2163
2141
2049
2068
1861
1884
1952
2116
2107
1924
2000
2120
2152
2093
1859
1834
2088
2477
2802
2678
2200
1759
1519
1545
1464
1512
1537
1454
1545
1634
1636
1721
1674
1597
1509
1578
1571
1663
1626
1507
1529
1556
1670
1712
1742
1888
2041
2277
2231
2057
1873
1722
1650
1607
1488
1243
1064
1032
940
927
933
890
864
836
757
759
860
1175
1829
2523
3206
3394
3077
2203
1285
737
434
307
297
369
536
836
1409
1964
2509
2690
2404
1939
1266
727
428
214
190
138
170
144
176
153
149
170
155
162
159
141
168
192
199
218
211
200
163
162
135
136
113
117
127
108
99
89
89
95
88
97
94
106
102
96
81
94
91
90
102
90
96
88
81
70
81
85
78
93
86
93
85
60
81
71
81
82
84
104
109
127
121
130
129
101
119
111
90
93
106
92
96
112
109
93
113
95
90
92
95
66
69
66
61
53
55
48
47
35
43
19
30
26
26
49
38
31
38
70
78
72
100
131
142
155
160
138
142
121
96
76
61
45
23
25
15
17
14
9
16
8
14
11
15
18
15
15
9
12
19
10
11
11
12
0
