0
0
0
0
0
0
0
0
0
0
0
0
0
550
5712
12662
4447
4254
4908
5940
7753
8295
6071
4496
4076
3821
3568
3412
3519
3768
3535
2771
2331
2085
2147
2097
1993
1970
1899
1951
2020
2042
1991
2019
2067
2095
1981
1843
1908
2226
2590
2677
2366
1952
1678
1552
1543
1505
1495
1527
1507
1492
1582
1646
1685
1544
1529
1558
1607
1624
1575
1571
1604
1634
1722
1733
1859
1969
2125
2236
2166
1944
1786
1689
1640
1585
1384
1167
1055
985
948
931
910
889
853
774
724
841
1103
1643
2357
2985
3293
3052
2284
1483
823
484
335
287
366
582
915
1476
2005
2459
2513
2308
1757
1110
656
376
236
173
145
142
141
148
152
145
148
169
160
144
145
181
199
195
203
191
181
164
158
144
128
114
113
114
91
90
92
96
97
95
78
97
89
81
90
85
92
90
90
75
86
81
84
72
78
85
84
75
68
72
76
74
67
74
88
80
83
103
114
136
144
134
123
110
96
91
90
87
85
86
92
94
97
100
101
97
93
81
87
84
70
64
60
56
44
37
33
36
39
34
29
27
27
34
29
31
43
62
86
111
122
132
160
165
160
141
116
103
91
67
51
35
31
27
16
12
15
17
15
13
11
11
12
16
14
11
12
10
11
12
12
7
