0
0
0
0
0
0
0
0
0
0
0
0
0
548
5663
12512
4447
4216
4871
5878
7720
8296
6148
4469
4049
3763
3505
3302
3579
3825
3455
2767
2343
2198
2167
2165
2105
1921
1969
2036
2068
2093
1997
2033
2097
2118
1990
1844
1910
2211
2538
2658
2380
1960
1695
1569
1534
1567
1482
1474
1509
1512
1590
1663
1719
1614
1508
1576
1587
1636
1580
1563
1613
1652
1710
1698
1799
1898
2089
2215
2175
1981
1802
1682
1608
1478
1325
1172
1067
990
940
939
907
886
807
756
734
815
1087
1700
2360
3071
3253
2928
2291
1533
847
492
334
294
373
565
903
1387
1920
2395
2550
2312
1793
1190
708
419
255
188
164
160
151
158
151
144
155
149
157
162
164
202
214
208
221
220
196
185
157
136
113
97
101
103
94
101
102
93
85
83
82
81
96
98
87
87
91
93
93
89
86
93
85
81
83
80
77
78
79
93
92
79
70
77
80
80
92
101
109
121
130
132
129
123
114
103
91
91
84
78
85
91
93
94
89
80
77
88
88
80
72
63
60
54
48
48
38
29
30
32
33
30
26
28
31
41
50
70
88
96
106
130
161
173
161
141
128
105
89
69
40
26
25
20
16
15
11
14
16
17
16
13
12
13
12
13
15
13
8
7
10
10
