0
0
0
0
0
0
0
0
0
0
0
0
0
541
5682
12697
4415
4289
4912
5897
7702
8313
6020
4419
4003
3713
3522
3404
3570
3716
3475
2875
2305
2117
2107
2123
1958
1968
1953
1988
2114
2035
2024
2012
2080
2147
2021
1848
1926
2239
2537
2671
2373
1928
1640
1515
1537
1561
1567
1507
1481
1591
1640
1691
1672
1614
1582
1586
1583
1582
1634
1618
1569
1603
1640
1732
1853
1966
2121
2229
2138
2004
1849
1704
1671
1560
1346
1145
1025
979
954
976
958
874
790
750
732
835
1181
1718
2423
3165
3290
2988
2253
1374
783
427
305
312
389
573
897
1388
1996
2459
2554
2269
1728
1145
654
371
227
167
155
145
142
147
142
146
154
158
149
149
176
185
199
207
224
225
195
163
149
139
126
123
116
94
84
89
99
95
86
92
95
90
89
89
84
86
89
87
79
86
84
79
78
76
80
81
83
95
95
84
89
88
78
66
80
90
92
103
107
112
115
104
114
112
98
101
100
94
88
77
83
96
95
90
93
96
94
83
72
70
72
67
64
58
44
35
34
31
28
27
31
34
33
34
38
39
48
64
70
97
120
132
168
167
151
148
108
94
77
72
61
39
27
16
15
15
14
16
17
12
10
9
6
7
8
8
7
10
8
11
9
8
