0
0
0
0
0
0
0
0
0
0
0
0
0
536
5620
12588
4485
4206
4856
5930
7709
8205
5982
4437
4025
3712
3443
3333
3551
3805
3441
2688
2307
2237
2142
2107
2056
1993
1946
2051
2083
2074
1969
2033
2100
2113
1932
1815
1913
2226
2601
2675
2397
1958
1668
1572
1529
1474
1511
1541
1547
1593
1657
1676
1636
1631
1568
1581
1595
1649
1637
1582
1570
1610
1649
1671
1783
1954
2152
2228
2147
1996
1815
1740
1717
1583
1403
1206
1058
987
944
920
890
873
805
739
708
822
1104
1656
2361
3008
3235
3052
2357
1506
869
503
368
327
375
566
879
1378
1911
2421
2573
2362
1844
1217
707
403
243
180
158
150
152
156
149
154
147
140
147
157
169
183
198
211
200
195
179
164
147
129
125
111
97
93
92
90
89
86
93
93
92
95
101
110
96
100
97
82
86
86
81
80
84
77
76
79
78
78
76
70
75
76
75
89
98
96
96
96
102
117
129
132
127
124
125
111
102
104
103
91
78
74
79
83
84
86
84
78
76
75
73
68
64
54
46
44
39
34
32
32
31
28
27
28
33
37
50
64
81
94
102
130
158
166
162
139
116
101
88
65
44
32
20
18
20
20
16
13
12
11
12
10
9
10
11
11
13
11
13
15
12
7
