0
0
0
0
0
0
0
0
0
0
0
0
0
525
5585
12631
4419
4275
4883
5863
7768
8308
6048
4459
4004
3723
3508
3382
3559
3751
3439
2726
2329
2214
2182
2101
1977
1912
1880
2004
1971
2010
2008
2057
2153
2114
1973
1874
2015
2291
2633
2772
2499
2010
1658
1491
1473
1523
1522
1512
1507
1519
1615
1660
1693
1622
1501
1505
1579
1608
1565
1547
1566
1581
1629
1688
1793
1947
2111
2182
2156
1988
1802
1706
1636
1487
1373
1243
1100
996
951
944
889
875
843
770
760
829
1088
1600
2271
3099
3311
3037
2346
1487
873
495
338
322
372
565
888
1368
1960
2450
2575
2345
1792
1193
730
427
249
166
137
147
164
163
154
148
154
161
152
154
167
183
204
199
192
178
189
185
174
142
135
119
108
96
91
93
90
87
92
93
89
86
85
84
83
90
86
75
82
89
86
86
90
81
71
72
82
83
80
84
88
84
78
75
80
89
93
98
108
110
114
121
125
124
107
92
92
98
96
93
99
99
97
100
99
97
93
88
82
73
65
60
58
58
53
48
40
36
34
33
33
32
32
30
29
37
52
63
80
103
122
149
164
165
166
157
123
101
79
58
47
34
20
16
15
14
15
17
18
11
13
14
12
12
13
9
9
9
12
9
6
10
