4
50
22
0
0
0
0
0
3219
15152
4504
4062
4699
5457
6919
9197
7323
4789
4276
3787
3583
3364
3394
3737
3808
3380
2630
2334
2229
2086
2116
2086
1914
1978
1962
2022
2035
2014
1996
2119
2094
2049
1868
1771
2164
2504
2731
2571
2271
1846
1660
1532
1578
1573
1570
1472
1564
1560
1637
1667
1686
1645
1465
1569
1529
1625
1547
1571
1616
1572
1623
1731
1779
1977
2061
2267
2261
2087
1783
1757
1676
1583
1448
1172
1040
1028
944
933
972
920
887
834
674
746
891
1172
1813
2503
3191
3301
2985
2166
1272
702
458
321
316
356
555
882
1428
1931
2457
2597
2362
1878
1195
710
391
230
178
189
163
163
137
155
140
140
137
165
147
159
170
191
221
192
208
203
187
161
144
129
116
107
119
101
88
90
93
96
102
86
90
92
90
112
91
101
90
87
87
90
74
95
83
71
94
75
96
70
84
71
61
90
57
92
70
92
98
105
97
93
120
136
123
111
109
99
99
103
111
93
89
85
88
93
106
99
72
99
78
65
73
66
58
48
45
29
49
36
31
31
29
26
28
20
35
46
50
51
72
98
109
136
139
146
158
170
126
122
97
62
48
33
30
22
25
17
16
17
20
11
10
16
12
11
13
15
6
14
17
12
16
8
11
0
