0
0
0
0
0
0
0
0
0
0
0
0
0
525
5575
12588
4414
4260
4958
6017
7871
8332
6074
4522
4001
3664
3443
3382
3635
3787
3474
2770
2380
2242
2098
2112
2087
1915
1976
1967
2021
2030
2011
2023
2112
2081
1991
1834
1923
2304
2604
2653
2416
2038
1739
1582
1560
1574
1571
1498
1541
1561
1622
1660
1681
1649
1476
1565
1529
1621
1548
1573
1609
1579
1640
1739
1823
1996
2119
2264
2201
1974
1774
1722
1634
1518
1308
1102
1034
979
938
956
937
897
849
715
728
859
1118
1711
2409
3116
3290
3003
2195
1278
701
453
322
319
377
597
967
1516
2034
2483
2536
2231
1682
1047
605
335
211
181
177
163
151
144
147
140
138
151
154
153
164
181
209
201
202
204
191
167
148
132
119
109
115
103
90
88
90
93
99
87
88
90
90
109
91
99
90
87
86
86
77
92
81
75
89
79
88
73
79
68
69
78
68
83
77
92
98
101
96
103
125
129
118
111
104
99
99
105
101
91
87
85
88
98
101
83
88
85
70
69
68
61
52
46
34
42
39
33
31
30
27
26
22
30
41
47
48
66
91
105
129
136
143
154
166
131
123
100
66
50
35
31
23
22
18
17
16
17
12
11
13
13
12
11
12
7
11
15
12
14
8
9
