4
50
23
0
0
0
0
0
3356
15184
4534
3953
4909
5314
6892
9198
7177
4558
4135
3888
3603
3415
3332
3722
3818
3445
2646
2240
2108
2112
2071
1987
2001
1955
2043
2160
2017
2026
2035
2018
2182
2047
1784
1819
2023
2512
2755
2591
2068
1798
1585
1520
1502
1508
1503
1435
1573
1637
1641
1647
1667
1694
1547
1644
1549
1571
1549
1601
1626
1667
1708
1635
1813
1919
2104
2202
2186
2063
1836
1655
1663
1633
1402
1219
1137
979
986
934
962
895
837
814
717
784
870
1179
1804
2611
3232
3357
2914
2082
1285
714
470
325
297
374
557
902
1373
2112
2418
2690
2428
1859
1259
732
404
247
179
161
151
159
148
153
152
133
152
140
161
170
180
220
214
256
225
217
199
176
160
134
137
117
105
86
88
103
106
77
82
91
83
98
109
101
80
86
92
94
76
97
85
81
79
87
95
64
89
75
84
63
75
62
89
84
104
91
84
103
117
125
161
132
131
129
123
103
84
113
82
90
87
79
83
100
92
90
90
85
84
73
64
66
63
48
45
48
42
31
29
41
28
26
25
27
33
43
59
52
76
81
113
123
165
157
156
144
153
132
102
65
63
33
31
25
16
16
19
15
8
10
12
9
11
17
9
14
13
9
19
11
14
12
10
0
