0
0
0
0
0
0
0
0
0
0
0
0
0
536
5578
12473
4581
4244
5011
5877
7773
8237
5963
4386
4001
3720
3486
3357
3584
3773
3535
2834
2327
2130
2106
2071
1990
1994
1958
2039
2129
2024
2020
2025
2051
2129
1976
1808
1881
2185
2571
2664
2356
1962
1699
1557
1510
1502
1501
1457
1524
1607
1632
1640
1656
1681
1572
1621
1561
1563
1551
1590
1620
1660
1686
1671
1804
1938
2096
2179
2149
2004
1800
1674
1647
1543
1347
1199
1072
993
958
948
922
866
826
758
759
830
1057
1566
2312
3006
3297
3033
2308
1484
852
525
358
308
369
547
875
1362
1989
2389
2579
2364
1844
1255
752
425
257
186
161
154
154
151
151
146
141
144
148
161
171
194
212
232
237
224
209
189
169
148
136
126
112
94
87
95
102
88
80
85
86
91
103
104
88
82
88
91
83
87
88
82
79
83
87
76
77
80
77
71
68
69
79
88
94
93
89
99
113
130
143
139
131
128
119
102
95
97
90
86
85
81
85
93
92
90
88
86
81
72
65
63
58
49
46
45
39
32
32
33
29
26
25
27
34
46
53
59
74
91
112
136
158
157
151
147
144
122
90
66
52
34
29
22
16
15
16
13
8
8
9
9
11
12
10
12
12
11
15
11
13
11
