0
0
0
0
0
0
0
0
0
0
0
0
3
589
5770
12530
4308
4206
4921
5941
7812
8248
5895
4357
4037
3716
3444
3383
3636
3909
3523
2840
2329
2217
2131
2066
2088
2025
1892
2020
2078
2109
2039
1944
2115
2090
1936
1765
1971
2339
2650
2714
2364
1918
1619
1561
1552
1566
1563
1531
1514
1467
1629
1642
1646
1615
1561
1546
1570
1599
1617
1657
1621
1621
1646
1751
1828
1951
2189
2260
2122
1972
1784
1694
1633
1480
1318
1138
1004
963
950
939
926
881
805
761
766
886
1275
1863
2564
3133
3326
2828
2052
1271
705
384
295
310
465
665
1076
1662
2189
2494
2513
2199
1577
950
568
331
193
165
159
157
154
149
148
144
147
141
153
162
174
186
195
212
224
201
178
162
162
143
128
104
108
103
101
93
102
103
93
92
95
79
87
90
91
95
96
98
93
75
83
83
87
87
90
78
73
80
76
72
67
72
84
84
77
79
99
112
117
127
127
121
121
113
109
110
110
98
91
90
90
93
93
93
95
93
80
71
68
62
55
58
56
53
44
44
40
35
34
31
30
32
34
32
35
42
51
67
89
105
119
142
158
158
159
149
116
77
67
52
38
26
24
19
19
24
20
15
15
14
14
12
11
12
13
12
16
10
8
12
11
5
