0
0
0
0
0
0
0
0
0
0
0
0
0
525
5512
12382
4451
4131
4850
5830
7654
8227
6082
4577
4127
3714
3483
3403
3557
3779
3521
2776
2253
2219
2045
2051
2093
2023
1880
2011
2111
2114
2028
2100
2192
2121
1988
1846
1970
2320
2641
2677
2391
1992
1683
1578
1538
1510
1503
1521
1533
1548
1619
1647
1662
1587
1596
1564
1565
1536
1566
1540
1573
1624
1656
1778
1749
1911
2091
2201
2176
2004
1795
1668
1629
1563
1371
1179
1050
967
918
903
943
917
849
778
787
877
1118
1612
2344
2996
3329
3020
2307
1550
892
492
334
301
378
564
873
1358
1941
2426
2536
2307
1801
1231
731
386
229
182
166
151
153
161
169
162
139
131
144
158
164
187
210
229
235
222
201
191
173
161
144
120
110
108
103
102
99
90
85
84
94
94
85
85
88
82
87
87
81
94
94
82
79
78
74
70
74
81
77
77
80
79
84
84
80
87
93
93
95
111
131
135
124
118
111
98
89
89
84
81
90
96
100
97
92
87
82
82
75
68
63
56
54
53
52
43
37
37
38
35
29
30
34
36
42
45
53
64
82
113
128
135
154
152
152
140
115
96
79
61
42
31
27
21
14
13
14
14
13
15
13
13
12
8
10
11
14
12
10
8
8
9
