4
50
27
0
0
0
0
0
3342
15392
4430
4008
4677
5400
6836
9142
7328
4663
4181
3913
3650
3421
3347
3721
3888
3365
2563
2325
2085
2108
2083
2070
1849
1889
2036
2001
2017
2046
2053
2122
2155
2064
1815
1870
2082
2512
2773
2648
2186
1706
1585
1547
1575
1476
1477
1484
1601
1535
1654
1694
1679
1705
1548
1555
1635
1612
1561
1570
1607
1638
1666
1625
1801
1937
2082
2170
2173
2008
1810
1822
1671
1598
1395
1280
1088
1045
993
932
881
824
893
783
808
724
911
1284
1852
2558
3189
3386
2963
2115
1326
752
439
324
283
339
558
843
1355
1975
2467
2609
2390
1836
1208
722
404
231
184
154
163
179
151
149
166
144
128
164
146
161
160
218
204
209
233
204
185
169
157
118
107
103
116
85
89
107
98
87
83
92
108
97
82
84
91
91
91
86
99
74
85
89
92
98
81
97
80
96
81
86
83
76
75
63
78
76
107
127
109
109
114
128
119
118
103
103
81
84
95
96
95
98
105
105
108
83
71
83
78
84
77
64
74
51
40
44
43
39
28
29
39
23
28
30
49
37
40
71
69
84
109
149
156
146
193
136
124
107
99
75
53
46
31
20
16
22
14
14
15
10
16
12
10
19
8
8
8
11
8
7
17
8
8
0
