0
0
0
0
0
0
0
0
0
0
0
0
0
528
5552
12511
4614
4203
4875
5878
7675
8253
6128
4491
4039
3759
3509
3369
3576
3810
3503
2776
2385
2130
2097
2078
2064
1869
1882
2008
1999
2010
2034
2056
2111
2120
1999
1849
1924
2201
2556
2689
2455
2004
1681
1569
1557
1515
1477
1474
1546
1549
1606
1668
1677
1689
1586
1547
1608
1610
1568
1562
1594
1626
1648
1654
1778
1927
2062
2144
2124
1980
1842
1768
1668
1537
1382
1222
1095
1027
971
914
859
856
832
801
762
820
1086
1558
2199
2871
3269
3126
2459
1634
970
555
365
299
330
498
785
1236
1811
2309
2522
2366
1900
1311
805
461
269
190
164
162
168
157
152
155
144
140
150
154
157
177
203
207
215
219
201
182
166
144
118
107
106
103
87
94
102
94
86
85
97
103
90
81
85
90
90
89
89
88
78
85
89
93
90
86
90
85
88
82
84
79
74
70
70
79
95
115
116
108
112
120
122
116
108
100
89
82
89
94
95
96
101
104
103
89
75
77
80
80
77
68
67
55
42
41
43
38
30
28
34
26
25
31
44
39
41
65
70
83
108
143
153
151
181
140
124
108
97
75
54
45
31
20
16
20
14
13
13
10
14
12
10
17
8
7
7
10
7
6
16
7
