4
50
28
0
0
0
0
0
3170
15323
4417
3956
4824
5450
6706
9094
7267
4681
4134
3911
3618
3478
3331
3699
3871
3423
2641
2309
2156
2086
2190
2062
2006
1995
1965
2068
2059
1960
2121
2099
2132
2003
1845
1869
2130
2567
2711
2590
2183
1745
1585
1575
1488
1461
1500
1483
1520
1545
1555
1697
1665
1587
1605
1509
1636
1613
1721
1494
1606
1690
1704
1683
1870
1862
2154
2239
2190
2022
1831
1723
1705
1530
1397
1301
1097
966
973
938
905
945
870
801
724
761
873
1186
1865
2646
3089
3394
2911
2071
1299
757
432
323
313
370
566
910
1470
2069
2445
2536
2401
1790
1229
736
388
236
168
140
166
157
155
146
161
156
147
154
140
151
144
195
200
211
199
218
175
151
146
128
126
126
116
107
103
98
89
84
98
95
111
101
114
86
94
66
97
100
94
83
79
94
76
90
103
73
92
81
76
95
80
76
71
68
78
83
102
93
123
114
120
115
109
110
100
94
106
115
82
69
104
107
112
109
80
83
117
81
87
76
78
75
58
69
47
38
41
36
30
39
40
30
23
27
30
39
40
68
73
80
114
133
128
146
179
151
133
127
98
73
55
31
26
25
20
16
14
10
14
15
21
10
12
8
10
10
6
12
17
5
10
15
14
0
