0
0
0
0
0
0
0
0
0
0
0
0
0
499
5527
12866
4300
4173
4866
5947
7841
8303
5977
4471
4023
3640
3498
3356
3564
3799
3479
2740
2355
2218
2151
2120
2050
1916
1864
1981
2015
2031
2007
2063
2178
2181
1992
1913
1999
2283
2613
2725
2398
1972
1689
1572
1497
1535
1489
1481
1491
1493
1720
1710
1712
1575
1551
1550
1627
1598
1602
1596
1563
1581
1634
1747
1820
1929
2156
2264
2176
1971
1799
1739
1659
1503
1329
1136
1042
1000
971
941
898
879
822
743
725
846
1123
1789
2537
3137
3273
3024
2161
1303
742
405
313
316
399
584
975
1546
2107
2533
2613
2220
1649
1019
599
345
232
170
151
153
165
160
159
155
153
147
142
153
153
173
190
196
198
187
189
174
151
148
133
118
91
86
93
97
99
83
92
81
99
85
99
94
84
88
87
101
83
71
82
86
87
67
79
88
71
72
87
79
71
69
71
64
71
88
94
101
115
126
120
118
114
102
95
100
94
83
82
86
99
106
88
90
91
82
84
88
77
71
70
59
51
49
40
28
25
26
28
33
31
29
38
36
40
47
63
63
88
123
127
141
168
186
156
155
120
88
63
59
44
30
26
26
23
17
16
16
13
11
11
12
9
10
13
13
11
10
8
7
11
7
