0
0
0
0
0
0
0
0
0
0
0
0
0
477
5365
12746
4604
4267
4955
5968
7718
8273
6086
4425
3985
3667
3473
3362
3507
3790
3484
2786
2321
2104
2122
2073
2107
1939
1978
1993
2059
2061
1996
2000
2078
2132
1985
1885
1988
2308
2537
2584
2407
2025
1720
1646
1600
1567
1512
1526
1595
1542
1605
1672
1639
1652
1605
1508
1511
1572
1599
1554
1596
1611
1692
1692
1806
1932
2094
2175
2129
1975
1817
1682
1625
1507
1354
1167
1047
1003
972
937
885
847
809
762
725
848
1126
1653
2398
3022
3242
3003
2244
1442
856
516
370
313
368
567
916
1404
1952
2351
2550
2273
1766
1214
713
390
235
176
166
160
152
155
150
148
150
152
153
160
170
178
200
221
218
202
188
175
172
166
138
122
102
104
113
95
93
103
105
106
98
96
96
94
91
90
87
97
89
83
90
80
80
88
91
84
80
75
72
76
80
73
68
74
78
83
96
105
107
110
125
134
125
117
110
96
96
105
101
91
88
91
92
91
92
87
87
92
88
76
68
63
51
41
44
44
40
38
34
32
32
30
29
32
33
40
52
59
72
100
115
136
159
160
153
147
132
109
87
68
46
33
28
22
19
18
16
12
10
9
12
13
12
11
15
13
14
15
10
12
9
6
