0
0
0
0
0
0
0
0
0
0
0
0
0
478
5398
12765
4296
4177
4876
6002
7919
8296
6041
4532
4127
3778
3528
3359
3666
3774
3447
2773
2413
2250
2034
2129
2079
1996
1915
2061
2050
2011
1940
1992
2105
2108
1933
1857
1940
2297
2653
2689
2393
1932
1672
1588
1572
1564
1492
1490
1486
1524
1631
1707
1708
1583
1591
1556
1613
1628
1595
1616
1551
1651
1765
1714
1844
1942
2113
2190
2117
1935
1799
1705
1665
1591
1353
1150
1073
981
940
952
901
839
790
758
772
867
1141
1710
2418
3032
3214
2864
2149
1350
807
459
327
313
403
548
941
1471
1987
2486
2518
2240
1734
1123
654
389
255
192
157
149
144
150
152
146
137
138
145
147
171
193
211
214
217
208
188
163
146
133
124
115
114
93
90
95
96
89
78
86
85
102
83
81
82
88
83
83
75
71
73
89
84
72
76
78
92
86
85
83
86
81
80
86
84
82
94
106
114
117
118
122
122
114
111
104
95
88
79
81
87
90
92
81
77
71
74
82
83
80
72
68
56
52
50
43
44
38
34
35
36
32
26
33
40
49
51
61
90
99
122
137
148
146
155
140
133
113
79
59
54
40
22
16
15
16
15
15
14
15
13
12
10
15
16
13
10
11
10
9
10
12
