4
50
33
0
0
0
0
0
2878
15717
4432
4101
4635
5505
6970
9033
7263
4772
4202
3792
3564
3415
3456
3594
3859
3389
2556
2221
2239
2101
2028
2040
1936
1948
1890
2102
2045
1945
2073
2108
2098
2133
1872
1853
2131
2492
2813
2589
2246
1729
1571
1582
1535
1556
1577
1500
1503
1553
1698
1769
1665
1632
1541
1495
1598
1602
1635
1586
1679
1583
1739
1743
1827
1886
2122
2224
2188
1974
1817
1688
1712
1545
1391
1204
1092
992
929
929
913
915
831
855
749
785
907
1254
1854
2556
3213
3322
2832
2108
1286
692
441
325
316
355
614
937
1485
1974
2447
2624
2388
1811
1192
669
406
224
182
148
157
145
158
166
134
127
108
139
158
160
194
201
203
236
210
207
189
151
181
112
130
141
107
100
94
93
100
98
106
83
99
85
80
97
93
90
80
86
95
75
80
72
77
78
93
78
75
67
87
88
58
66
76
75
78
106
102
101
110
115
124
120
129
112
115
115
95
83
94
84
104
96
97
102
87
80
91
70
78
79
68
52
61
50
43
45
39
39
27
32
29
35
25
24
34
47
47
70
87
99
113
134
144
183
158
143
140
108
96
73
61
43
31
24
24
12
17
20
13
17
13
10
10
9
19
16
11
14
10
16
9
13
7
0
