4
50
34
0
0
0
0
0
2880
15765
4421
4055
4550
5352
6916
9201
7370
4646
4228
3927
3415
3452
3402
3677
3810
3364
2594
2297
2149
2063
2111
2011
1944
1943
2073
2174
2067
2110
1992
2148
2201
2045
1750
1819
2018
2495
2857
2621
2235
1693
1582
1558
1535
1473
1488
1527
1518
1544
1643
1653
1714
1574
1579
1525
1651
1561
1597
1576
1557
1671
1660
1646
1806
1995
2146
2311
2177
2003
1907
1629
1683
1543
1387
1182
1106
1021
1000
956
972
962
827
793
743
787
967
1248
1805
2600
3219
3271
2909
2031
1322
761
389
313
314
355
533
944
1453
1983
2529
2632
2324
1795
1147
669
361
236
184
145
152
167
153
145
178
136
141
150
167
142
173
205
222
202
231
210
174
182
166
152
116
108
108
108
102
90
82
115
82
98
86
94
101
105
92
77
92
78
82
81
73
82
88
80
89
73
77
74
68
85
97
88
69
83
70
91
102
116
122
140
143
132
146
124
95
106
105
91
89
85
94
105
106
105
97
101
87
74
88
77
58
63
57
52
39
41
44
34
31
27
34
25
40
30
30
47
71
59
73
101
109
124
140
159
159
157
160
117
91
70
52
35
29
20
17
13
13
16
15
12
8
10
8
18
9
14
8
9
12
16
12
6
4
0
