0
0
0
0
0
0
0
0
0
0
0
0
2
507
5508
12978
4326
4222
4851
5992
7895
8325
5996
4422
4053
3618
3442
3427
3607
3772
3445
2726
2339
2165
2073
2108
2013
1946
1957
2087
2159
2076
2087
2035
2163
2148
1942
1782
1915
2246
2667
2727
2395
1921
1627
1569
1543
1495
1487
1519
1523
1546
1629
1657
1699
1587
1576
1538
1646
1567
1597
1577
1581
1671
1661
1697
1870
2051
2204
2256
2104
1952
1781
1650
1605
1449
1268
1134
1054
1006
973
967
956
861
798
759
796
965
1264
1821
2588
3175
3227
2815
1961
1245
702
376
313
324
405
653
1104
1633
2167
2556
2501
2093
1511
928
525
300
209
165
149
158
159
152
160
153
139
147
158
154
166
197
215
211
222
211
183
178
168
150
121
110
108
108
101
90
89
108
86
95
87
95
101
103
89
80
88
78
82
80
76
83
87
82
84
73
76
73
75
89
92
81
74
79
81
97
109
120
131
140
139
137
130
108
101
104
97
90
88
92
101
105
105
100
98
90
80
82
77
64
61
58
52
42
40
41
37
32
30
31
30
36
32
34
50
65
64
77
99
111
125
142
157
159
158
149
114
88
67
49
36
28
21
17
14
13
15
16
12
9
9
10
14
11
11
9
9
13
15
10
6
3
