4
50
38
0
0
0
0
0
2610
15847
4493
4063
4661
5396
6933
9070
7280
4603
4129
3944
3510
3474
3400
3645
3882
3270
2589
2220
2122
2124
2114
1997
1993
1921
2036
2103
2029
1963
1983
2149
2087
2034
1789
1845
2212
2574
2804
2581
2208
1734
1606
1524
1531
1563
1523
1427
1560
1581
1633
1726
1669
1543
1560
1546
1625
1588
1602
1538
1655
1625
1698
1712
1822
1916
2130
2257
2343
1972
1838
1717
1635
1467
1473
1302
1094
999
1008
938
946
868
906
795
742
756
895
1181
1922
2626
3300
3353
2888
2035
1254
654
404
307
284
396
554
947
1453
2090
2610
2698
2333
1722
1197
671
389
219
203
138
137
160
180
150
148
147
123
136
139
157
198
204
205
208
229
185
171
184
139
134
131
103
112
120
94
104
99
87
105
107
78
99
82
103
85
101
105
82
77
76
92
66
80
67
92
83
73
80
79
73
74
82
94
85
86
84
112
107
116
139
120
112
130
115
109
88
107
103
73
89
93
88
95
87
89
90
90
92
91
86
75
70
60
48
50
52
44
33
33
24
19
40
40
27
30
33
57
52
71
97
108
142
170
160
163
180
151
108
98
88
53
34
30
22
10
18
18
10
16
18
6
11
15
11
12
6
16
11
19
9
6
7
11
0
