0
0
0
0
0
0
0
0
0
0
0
0
1
432
5274
13285
4314
4258
4937
5962
7828
8171
5856
4377
4036
3768
3512
3394
3574
3818
3442
2708
2284
2133
2077
2139
2058
1936
1963
2010
2111
2054
2052
2025
2128
2126
1952
1853
1950
2284
2656
2728
2399
1897
1619
1535
1560
1540
1529
1469
1538
1586
1636
1703
1698
1620
1536
1499
1677
1614
1658
1557
1550
1646
1706
1700
1846
2049
2107
2193
2120
1929
1817
1698
1594
1510
1334
1166
1052
997
976
940
898
854
787
767
746
906
1250
1834
2546
3215
3263
2816
2034
1242
665
423
311
331
416
649
1099
1640
2159
2548
2452
2139
1618
1041
572
301
181
151
157
159
145
145
161
148
146
161
154
156
172
194
206
195
224
209
202
188
145
138
135
106
114
112
94
93
100
93
92
102
91
104
80
89
99
97
87
81
94
86
77
92
96
90
81
93
85
79
73
73
70
80
80
75
79
92
103
97
121
129
121
129
121
111
102
96
96
86
82
94
90
86
93
90
92
96
94
95
92
72
70
66
55
47
50
48
51
37
27
29
27
30
27
30
39
55
55
73
81
100
123
132
165
165
159
143
125
91
77
54
29
28
25
24
16
15
12
15
13
13
13
14
17
15
14
5
8
10
11
7
11
9
