4
50
39
0
0
0
0
0
2537
16092
4411
4044
4707
5340
6902
9083
7145
4572
4204
3906
3678
3416
3376
3647
3882
3332
2574
2235
2119
2071
2142
2057
1935
1959
1996
2119
2052
2064
1996
2108
2182
2002
1852
1846
2083
2527
2802
2664
2183
1679
1577
1504
1592
1514
1538
1439
1566
1589
1642
1712
1698
1615
1532
1488
1679
1610
1669
1559
1532
1630
1713
1672
1769
2040
2064
2188
2213
1978
1863
1763
1624
1566
1471
1224
1129
999
995
967
929
885
847
766
771
725
923
1267
1869
2579
3275
3295
2853
2075
1290
690
439
311
321
379
555
965
1499
2005
2558
2531
2315
1843
1258
716
374
204
150
154
162
157
129
159
166
132
155
168
143
162
175
203
211
182
244
198
206
187
135
139
137
100
117
113
91
93
102
92
90
104
89
107
79
88
99
98
88
78
96
88
73
92
96
95
74
96
86
81
73
76
65
79
84
74
78
77
113
89
102
143
113
130
127
115
107
98
93
103
72
88
100
83
88
99
83
97
94
95
95
94
61
76
63
52
43
54
44
58
32
24
32
24
33
24
31
37
60
49
77
79
99
127
125
171
164
161
142
130
88
79
56
27
29
24
24
15
17
11
16
12
14
12
15
18
14
17
3
9
10
12
6
11
11
0
