4
50
41
0
0
0
0
0
2626
15969
4490
4033
4711
5423
6938
9095
7247
4686
4278
3808
3596
3398
3337
3676
3833
3438
2589
2252
2145
2147
2100
2015
1928
1927
1918
2031
2060
2021
2018
2041
2073
2071
1945
1871
2102
2468
2869
2619
2135
1721
1620
1599
1474
1580
1489
1470
1510
1561
1608
1721
1631
1579
1517
1564
1581
1586
1564
1614
1601
1597
1602
1647
1781
1928
2205
2249
2142
2038
1862
1767
1705
1560
1411
1266
1090
1017
978
937
919
892
834
763
749
740
974
1243
1984
2740
3271
3304
2862
2086
1289
729
431
300
297
402
576
961
1491
2021
2518
2668
2313
1788
1182
605
369
222
166
158
159
171
148
167
173
145
147
158
149
157
166
196
194
219
210
203
177
146
169
126
130
108
108
104
115
111
97
90
86
97
102
94
84
78
92
103
84
87
89
85
86
83
69
81
79
66
92
82
78
104
70
82
96
88
79
100
81
93
95
128
130
123
110
124
116
103
106
90
85
80
94
98
84
101
96
76
91
76
64
77
97
61
65
53
49
42
41
47
42
28
26
27
35
36
35
41
52
61
78
75
119
125
151
172
158
174
137
126
92
59
45
31
27
33
20
15
7
19
9
13
8
11
19
8
9
14
16
11
8
9
7
10
12
0
