0
0
0
0
0
0
0
0
0
0
0
0
0
426
5230
13134
4461
4242
4945
5988
7811
8231
6006
4489
4017
3683
3470
3356
3568
3784
3528
2760
2311
2159
2145
2102
2017
1929
1926
1926
2028
2051
2021
2021
2045
2069
2031
1921
1957
2241
2629
2741
2383
1927
1672
1608
1521
1541
1516
1476
1496
1545
1594
1696
1643
1586
1523
1558
1578
1583
1566
1608
1600
1596
1606
1669
1804
1986
2200
2212
2112
1980
1833
1745
1644
1497
1347
1183
1058
998
956
928
903
855
788
755
743
909
1170
1811
2574
3166
3292
2922
2178
1362
774
452
311
305
409
608
1004
1534
2068
2506
2573
2208
1665
1059
572
338
213
167
158
161
160
156
167
159
147
150
153
153
160
181
193
207
212
206
186
157
161
138
129
113
108
105
111
112
99
91
87
93
100
95
85
78
89
99
86
85
87
85
84
81
72
78
77
71
86
82
83
91
76
83
91
86
85
91
86
91
104
124
127
119
115
119
111
105
98
89
83
85
93
91
92
97
86
84
82
71
70
85
76
65
58
51
45
42
43
43
33
27
26
30
33
34
37
46
56
70
74
103
120
140
163
161
167
147
130
102
69
49
35
28
29
23
17
9
14
12
11
10
9
15
11
8
10
13
13
8
7
7
8
10
