4
50
43
0
0
0
0
0
2807
15721
4410
3984
4617
5333
6816
9066
7167
4652
4211
3862
3614
3361
3464
3723
3890
3354
2537
2218
2177
2153
2122
2032
2002
1960
1988
2186
2058
1950
2123
2145
2247
1993
1907
1887
2178
2500
2788
2617
2164
1709
1590
1549
1525
1464
1573
1480
1529
1555
1709
1702
1628
1670
1534
1538
1589
1540
1529
1543
1582
1650
1645
1744
1780
1893
2105
2186
2260
2082
1860
1650
1670
1642
1478
1252
1128
1054
1015
910
906
845
802
791
772
757
889
1272
1849
2659
3258
3353
2871
2031
1273
698
449
318
325
372
614
987
1461
2001
2504
2664
2391
1699
1139
665
388
228
180
153
167
157
156
155
171
143
133
146
168
164
171
202
215
206
225
208
164
178
138
137
124
117
99
106
97
98
93
101
98
103
75
94
97
94
90
108
77
80
83
98
79
76
70
85
89
84
78
77
70
84
67
84
83
74
80
81
113
103
119
135
115
134
121
113
123
109
90
105
98
88
91
78
94
93
98
103
90
99
95
83
64
68
48
50
49
50
34
36
29
27
38
42
27
24
27
47
45
60
67
97
114
149
161
169
135
136
139
113
80
62
49
43
37
26
25
18
21
7
15
10
19
18
14
8
9
18
14
13
8
17
15
11
10
0
