0
0
0
0
0
0
0
0
0
0
0
0
0
432
5071
12546
4817
4160
4780
5775
7541
8112
6122
4549
4034
3725
3463
3408
3591
3791
3511
2800
2320
2181
2146
2117
2038
1995
1957
1982
2120
2057
1983
2078
2145
2160
2006
1905
1957
2209
2522
2668
2465
2044
1713
1578
1534
1492
1509
1510
1502
1527
1620
1685
1652
1643
1583
1528
1556
1549
1524
1528
1559
1612
1645
1698
1769
1869
2030
2156
2191
2083
1874
1705
1648
1602
1458
1270
1132
1054
989
925
885
838
801
782
766
794
987
1411
2050
2784
3238
3171
2586
1765
1067
605
399
318
348
478
780
1203
1707
2215
2541
2474
2010
1381
875
508
298
199
165
157
160
155
154
160
152
137
142
159
164
169
191
208
208
217
207
172
170
144
137
126
117
100
104
97
96
93
99
98
102
74
92
95
94
91
104
78
78
83
94
80
75
72
83
87
83
78
75
73
78
72
81
81
76
78
89
106
108
122
126
123
127
119
116
116
103
97
100
94
90
85
85
91
94
98
96
94
95
90
76
67
58
50
48
49
42
36
32
28
30
37
34
27
25
34
43
50
60
78
101
128
150
161
153
136
135
127
99
74
57
47
41
32
26
22
19
15
10
11
12
17
17
12
8
10
15
13
11
10
16
13
