0
0
0
0
0
0
0
0
0
0
0
0
0
439
5241
12942
4460
4209
4911
5916
7728
8208
5971
4428
4055
3766
3547
3432
3575
3777
3449
2779
2355
2186
2140
2095
2089
2001
1963
2010
2055
2056
1987
2036
2115
2121
1947
1812
1939
2258
2615
2699
2425
2015
1728
1559
1494
1492
1508
1504
1517
1554
1596
1622
1626
1616
1602
1582
1601
1582
1591
1619
1594
1649
1635
1697
1797
1957
2102
2196
2108
2001
1831
1697
1626
1529
1387
1202
1050
947
938
956
930
869
830
751
711
842
1144
1677
2331
3017
3219
3008
2277
1454
848
504
341
320
396
574
904
1382
1921
2366
2529
2309
1808
1214
704
395
250
184
161
166
174
169
168
153
135
132
135
146
161
181
209
221
222
208
192
182
172
157
134
120
103
88
87
88
81
90
95
92
91
91
87
80
82
87
82
78
85
87
90
93
85
86
82
72
71
84
89
83
80
86
89
80
73
75
87
105
121
126
122
126
132
124
107
100
99
95
98
98
94
91
89
91
94
87
80
75
78
82
74
66
61
55
50
46
40
36
35
30
25
24
24
36
43
40
53
68
86
103
120
149
164
157
159
158
137
112
90
65
47
36
32
25
19
18
18
12
13
12
11
13
11
13
15
12
14
15
12
10
8
5
