4
50
45
0
0
0
0
0
2582
15828
4390
3994
4709
5380
6876
9158
7303
4687
4166
3868
3569
3516
3308
3638
3958
3376
2584
2234
2195
2277
2120
2072
1861
1912
2016
2083
2040
1994
2027
2120
2140
2070
1798
1788
2187
2487
2803
2643
2119
1802
1574
1510
1467
1502
1507
1586
1577
1587
1663
1674
1681
1648
1615
1569
1597
1579
1618
1657
1609
1614
1711
1716
1767
1920
2142
2258
2232
2043
1851
1660
1692
1527
1370
1208
1105
1000
971
898
946
884
821
775
724
786
916
1288
1891
2641
3262
3294
2841
2064
1208
736
442
317
267
373
599
942
1493
2099
2538
2665
2274
1743
1096
656
377
244
166
174
157
153
144
144
151
137
164
165
157
173
175
201
223
214
194
194
185
166
139
117
108
122
115
106
107
94
105
95
98
73
95
88
91
92
87
77
80
83
83
72
111
90
98
82
104
81
88
92
78
101
78
85
86
78
83
89
84
102
107
125
127
126
104
139
128
122
94
86
95
85
94
102
104
87
85
80
96
97
52
81
64
76
67
53
52
40
39
26
37
34
27
38
28
29
47
46
58
58
78
87
135
126
146
159
182
140
123
94
97
60
52
35
26
30
15
18
16
11
20
10
16
23
15
9
10
11
8
7
10
11
8
5
16
0
