4
50
46
0
0
0
0
0
2586
16168
4486
4124
4726
5390
6712
9190
7214
4648
4126
3796
3621
3395
3390
3698
3878
3233
2655
2215
2075
2080
2151
2005
1985
1984
1959
2092
2028
2017
2027
2079
2154
2089
1833
1846
2146
2500
2815
2619
2165
1802
1619
1577
1594
1552
1506
1498
1585
1579
1642
1729
1635
1630
1578
1572
1603
1632
1546
1654
1618
1531
1677
1696
1819
1874
2068
2245
2189
2025
1856
1694
1726
1512
1417
1203
1098
982
1014
939
907
936
831
770
737
747
906
1246
1915
2689
3241
3384
2810
1955
1213
693
432
291
268
374
632
910
1441
2232
2535
2555
2372
1754
1197
669
402
220
172
151
139
149
138
146
147
139
139
156
142
144
175
170
197
224
224
205
176
170
147
133
122
108
97
98
105
99
93
93
99
100
81
79
90
98
74
104
80
81
87
95
96
71
89
88
66
85
74
90
93
73
78
84
96
82
92
100
92
116
115
129
138
117
109
116
109
93
96
86
104
113
120
107
79
94
97
79
87
92
107
75
80
74
51
53
50
53
39
38
32
27
38
36
23
26
41
51
53
52
68
102
98
135
165
161
171
161
108
104
95
60
48
37
16
24
23
17
14
12
16
18
14
12
11
1
19
18
14
15
15
12
15
7
5
0
