4
50
48
0
0
0
0
0
2613
16034
4494
4092
4728
5456
6959
9204
7222
4624
4192
3935
3494
3495
3408
3601
3821
3276
2569
2261
2187
2106
2100
2029
1918
1953
1989
2115
2061
1955
2051
2147
2185
2010
1912
1838
2160
2540
2818
2578
2155
1758
1627
1538
1476
1459
1522
1493
1603
1583
1648
1699
1671
1599
1568
1578
1584
1594
1577
1651
1578
1622
1636
1687
1739
1979
2227
2246
2131
1980
1776
1700
1639
1611
1419
1252
1133
968
988
888
946
940
856
769
724
778
895
1291
1967
2621
3283
3232
2824
2118
1199
659
434
278
289
375
583
988
1560
2091
2435
2630
2350
1738
1147
653
335
258
192
169
160
151
157
157
159
143
165
161
159
151
177
214
213
222
236
163
184
167
140
115
140
107
114
104
78
105
91
88
92
93
84
97
96
86
76
83
100
84
90
87
94
78
90
71
79
56
79
82
77
79
86
76
92
83
104
66
92
118
104
125
124
136
132
101
127
108
76
97
91
87
101
79
85
105
71
84
85
91
61
59
57
61
50
55
52
45
43
40
31
41
29
27
35
39
38
41
55
61
78
104
110
141
143
177
161
144
113
112
67
51
48
29
26
30
20
15
10
19
14
13
14
9
11
15
11
13
14
11
11
10
6
13
16
0
