0
0
0
0
0
0
0
0
0
0
0
0
0
399
4955
12712
4787
4268
4995
5832
7620
8106
6072
4543
4056
3702
3471
3406
3582
3803
3518
2814
2334
2161
2127
2101
2028
1994
1951
1966
2057
2018
1990
1980
2040
2082
1996
1905
1951
2178
2555
2722
2513
2067
1723
1580
1536
1526
1531
1506
1522
1591
1657
1675
1638
1587
1556
1523
1569
1543
1551
1586
1573
1581
1634
1683
1761
1901
2104
2218
2176
2028
1845
1731
1654
1563
1438
1231
1074
1031
988
933
933
903
811
752
746
805
1012
1494
2206
2888
3261
3119
2524
1629
962
565
392
339
346
479
774
1226
1774
2271
2550
2413
1946
1337
814
465
277
198
179
174
160
162
166
156
143
143
146
147
157
181
203
205
213
226
196
168
166
153
133
124
102
98
97
100
93
99
103
87
94
105
89
100
90
81
86
95
86
79
82
82
74
81
72
70
82
71
80
74
80
74
75
88
84
82
87
101
109
111
120
134
128
115
110
108
101
92
87
89
92
98
100
99
86
81
85
93
88
72
67
67
65
56
52
45
41
36
33
35
35
32
27
26
33
39
53
64
76
91
109
129
141
157
149
132
130
114
101
89
58
37
27
26
22
18
16
18
19
12
9
9
10
10
10
11
11
9
9
7
4
7
