4
50
50
0
0
0
0
0
2624
16085
4380
4102
4704
5411
6960
9090
7025
4703
4187
3948
3570
3400
3286
3640
3874
3261
2616
2222
2171
2159
2130
2014
2021
1933
1961
2051
2110
1894
2051
2175
2231
2010
1824
1947
2137
2491
2852
2619
2203
1775
1588
1487
1561
1467
1493
1460
1505
1592
1659
1726
1588
1678
1574
1516
1580
1661
1628
1556
1561
1600
1600
1776
1746
1926
2165
2183
2102
1943
1783
1755
1679
1652
1409
1233
1091
1040
988
950
952
869
844
813
719
778
899
1322
1962
2644
3309
3264
2804
2035
1246
720
430
333
313
359
624
967
1536
2093
2483
2553
2324
1713
1167
613
408
228
152
151
155
157
155
135
162
159
159
145
158
163
179
202
185
222
208
191
209
156
163
142
119
108
97
110
87
93
94
101
109
92
103
91
94
90
77
93
75
95
91
101
75
94
74
74
82
75
57
83
80
72
68
82
75
84
97
98
107
106
107
132
122
125
120
93
101
91
97
85
91
93
107
93
96
106
102
103
79
81
79
77
89
65
74
56
55
51
44
31
28
33
28
42
40
26
40
52
46
54
82
106
130
131
148
170
150
173
143
116
93
78
50
42
37
24
21
14
14
17
21
12
18
16
13
10
15
12
13
16
21
12
23
14
9
0
