0
0
0
0
0
0
0
0
0
0
0
0
0
615
5907
12175
4416
4268
4896
5834
7716
8206
5945
4473
4013
3727
3569
3382
3610
3789
3424
2753
2379
2192
2231
2112
2041
1961
1911
2003
2024
1997
2074
2027
2171
2128
2000
1886
1918
2240
2542
2656
2397
1980
1677
1582
1543
1497
1473
1494
1545
1561
1658
1758
1673
1625
1564
1558
1477
1559
1594
1582
1685
1671
1641
1672
1816
1956
2095
2232
2162
2042
1824
1706
1633
1508
1337
1145
1020
991
950
909
903
891
854
788
777
829
1094
1703
2385
3098
3274
2969
2271
1382
780
512
314
307
391
544
918
1455
1991
2435
2557
2291
1768
1125
679
403
246
188
170
169
155
146
153
148
146
158
144
131
165
194
214
222
211
204
182
182
173
143
132
105
110
97
99
100
82
89
86
92
94
80
97
85
78
86
97
100
78
76
79
82
83
82
78
87
88
89
83
83
82
76
73
70
80
95
100
102
105
105
106
116
132
116
104
97
93
98
95
91
88
95
96
92
100
98
91
96
87
76
76
69
65
60
51
43
41
40
39
30
24
33
36
26
31
36
48
65
86
100
120
135
156
151
147
146
130
102
87
65
46
32
26
25
23
17
8
8
15
13
11
15
13
14
14
9
8
8
11
17
15
10
