4
50
2
0
0
0
0
0
5070
13670
4430
4047
4577
5197
6916
9152
7218
4620
4156
3914
3698
3415
3403
3692
3982
3396
2682
2294
2112
2080
2041
2015
2012
1928
2050
2125
2073
1994
2012
2128
2199
2058
1853
1762
2112
2511
2764
2643
2201
1763
1563
1563
1542
1451
1571
1532
1550
1545
1631
1663
1661
1598
1580
1585
1596
1573
1582
1558
1616
1592
1682
1648
1666
1832
2190
2287
2191
2070
1852
1671
1642
1570
1492
1279
1107
976
909
928
923
936
840
740
756
730
899
1189
1790
2486
3157
3357
2910
2240
1328
699
421
333
305
327
559
919
1408
1960
2531
2592
2351
1887
1267
722
372
234
187
176
155
148
160
169
155
132
159
163
141
163
184
184
200
232
229
179
213
175
129
130
118
128
108
90
101
101
76
104
111
67
91
86
94
76
89
88
96
87
85
98
97
82
89
81
85
77
66
71
78
63
79
78
78
84
76
88
105
110
103
136
130
133
130
126
111
113
120
98
73
76
89
94
77
110
94
85
93
86
101
76
69
52
57
64
70
50
39
43
28
30
27
33
28
28
34
46
57
79
71
87
122
134
135
163
172
189
131
124
88
83
56
36
34
25
24
15
16
11
9
12
11
13
9
15
12
11
17
15
5
15
13
14
12
0
