0
0
0
0
0
0
0
0
0
0
0
0
2
853
6806
11448
4328
4216
4800
5879
7867
8248
5921
4374
4020
3783
3518
3411
3613
3906
3519
2808
2350
2134
2084
2044
2017
2011
1938
2058
2119
2061
1998
2041
2147
2156
1990
1824
1908
2289
2628
2700
2403
1954
1645
1563
1549
1482
1536
1542
1545
1549
1618
1659
1661
1604
1581
1584
1596
1573
1581
1565
1615
1608
1676
1654
1715
1940
2221
2253
2143
1980
1775
1658
1607
1526
1374
1179
1029
935
920
925
928
864
766
751
743
879
1169
1740
2439
3106
3320
2896
2203
1289
676
413
331
309
370
633
1031
1547
2109
2545
2512
2189
1663
1059
583
316
214
183
167
152
153
163
161
144
147
160
151
155
176
184
196
222
227
193
202
181
139
129
120
125
110
92
99
100
80
102
107
70
91
86
93
77
89
88
96
87
87
98
94
83
88
81
83
74
67
72
74
68
79
78
80
82
81
95
106
109
118
134
131
132
128
119
112
115
107
84
75
83
91
86
97
100
89
90
90
94
84
70
57
55
61
66
55
42
41
32
29
28
31
30
28
33
44
56
74
74
88
118
132
137
160
172
180
137
121
92
81
57
38
34
26
24
16
15
12
10
11
12
12
10
14
13
12
16
15
6
15
13
14
11
