4
50
3
0
0
0
0
0
4834
13696
4578
3979
4797
5350
6781
9095
7221
4664
4171
4037
3631
3399
3284
3662
3865
3327
2696
2248
2115
2100
2069
2045
2038
1918
2064
2039
2099
1963
2025
2105
2218
1991
1901
1846
2154
2482
2797
2696
2243
1706
1614
1535
1559
1483
1496
1459
1518
1533
1674
1657
1689
1543
1568
1514
1619
1611
1555
1529
1539
1525
1678
1625
1737
1919
2077
2220
2269
2120
1738
1704
1635
1498
1434
1291
1120
937
999
926
887
934
911
847
759
757
852
1205
1764
2498
3196
3366
2982
2251
1370
765
467
313
315
342
509
864
1373
1924
2459
2703
2463
1888
1282
770
406
249
163
153
162
164
164
149
156
149
146
141
153
143
159
189
211
227
216
190
190
171
139
135
120
97
95
106
114
102
98
98
88
103
95
97
97
80
85
89
91
72
83
82
95
73
78
94
82
103
84
72
84
83
75
74
93
74
104
99
78
93
117
132
119
132
125
97
105
106
109
97
76
127
87
86
97
86
98
99
102
75
68
81
87
75
53
51
44
49
47
47
34
36
41
19
33
41
33
40
48
50
75
99
114
124
158
152
136
142
161
130
101
92
58
44
41
18
23
10
26
9
10
11
14
8
12
19
7
9
13
7
7
9
12
14
8
0
