0
0
0
0
0
0
0
0
0
0
0
0
0
782
6525
11457
4489
4232
4971
5882
7715
8214
5989
4427
4098
3794
3486
3322
3541
3801
3453
2828
2327
2134
2100
2070
2044
2034
1927
2054
2044
2073
1976
2036
2126
2148
1968
1883
1958
2272
2603
2739
2474
1973
1667
1569
1548
1509
1490
1469
1500
1526
1639
1658
1681
1563
1563
1517
1609
1608
1557
1529
1535
1546
1658
1648
1766
1943
2103
2222
2215
1994
1745
1678
1580
1475
1369
1212
1032
974
954
905
914
917
870
790
760
823
1107
1620
2324
3046
3325
3039
2350
1468
828
494
330
315
354
533
899
1409
1963
2453
2624
2344
1782
1192
706
387
233
166
156
160
162
158
152
152
148
144
146
147
151
173
198
217
219
200
190
177
150
137
125
104
96
102
110
104
99
98
90
98
96
95
96
82
83
87
88
75
80
83
89
77
78
89
87
96
84
75
80
81
76
78
85
84
97
93
84
98
117
125
124
128
115
102
103
105
103
89
99
104
90
90
91
91
95
98
88
74
74
81
80
64
53
47
45
46
47
40
35
37
28
27
35
35
36
43
47
63
87
106
118
144
152
141
139
153
139
111
96
69
49
42
26
21
14
19
14
9
8
11
10
9
15
11
8
9
9
6
7
10
12
9
