0
0
0
0
0
0
0
0
0
0
0
0
0
712
6224
11608
4498
4280
4901
5744
7496
8282
6118
4442
4027
3761
3547
3450
3501
3798
3505
2803
2361
2177
2132
2064
2014
2004
1979
2032
2078
2080
1994
2029
2092
2155
1977
1826
1887
2197
2626
2760
2433
1991
1653
1509
1493
1499
1491
1473
1501
1546
1656
1625
1633
1587
1604
1558
1617
1567
1620
1552
1589
1615
1665
1743
1829
1935
2103
2218
2236
2088
1825
1671
1624
1532
1362
1195
1088
1014
964
940
908
879
851
804
730
765
1047
1601
2206
2914
3286
3069
2383
1605
919
532
353
317
366
519
838
1302
1896
2369
2568
2389
1888
1235
719
418
259
199
167
163
164
164
160
163
163
150
147
162
171
173
183
214
228
224
192
163
150
136
114
105
110
89
93
99
100
101
99
95
100
97
88
84
101
94
95
93
82
82
87
89
88
83
80
84
88
81
77
79
72
76
83
78
73
74
80
95
111
116
117
112
103
108
115
108
101
95
95
101
99
96
94
84
82
88
81
75
77
78
71
65
60
54
52
45
34
29
29
30
28
27
27
32
35
37
47
57
63
83
110
136
149
149
151
142
124
113
97
70
52
44
37
28
17
13
15
16
14
13
13
15
16
15
10
9
9
6
9
11
14
10
