4
50
5
0
0
0
0
0
4578
13854
4436
3992
4763
5315
6841
9245
7506
4732
4213
3839
3529
3374
3371
3590
3798
3418
2653
2279
2171
2063
2076
2054
2014
1948
1930
2007
2020
1955
2149
2050
2236
1953
1790
1779
2209
2423
2792
2644
2191
1798
1674
1538
1504
1595
1615
1528
1619
1572
1688
1745
1667
1563
1563
1541
1592
1552
1595
1567
1586
1655
1614
1706
1717
1901
2007
2233
2197
1994
1817
1707
1693
1591
1490
1246
1099
983
945
948
904
869
875
827
735
767
814
1132
1740
2417
3175
3366
2991
2285
1428
780
479
325
311
378
527
861
1379
1944
2531
2591
2454
1869
1270
744
444
244
181
177
162
151
143
161
135
159
141
144
149
147
161
194
192
233
204
217
185
186
156
126
136
116
112
115
100
102
87
107
91
79
102
118
100
87
90
73
79
80
92
95
78
90
84
82
92
74
98
73
58
76
71
71
77
70
79
78
87
98
102
119
147
111
112
121
113
93
98
85
108
99
108
89
90
92
86
92
98
82
77
73
84
72
66
60
46
44
36
45
43
41
36
29
31
31
32
33
46
61
61
91
109
139
160
149
146
153
138
109
94
64
53
41
32
23
10
17
14
10
17
9
13
13
14
14
6
9
10
11
14
12
13
9
7
0
