4
50
6
0
0
0
0
0
4136
14351
4436
4063
4697
5308
6817
9087
7208
4727
4223
3868
3603
3433
3450
3641
3856
3326
2568
2191
2098
2189
2135
2009
1955
1836
1950
2080
2064
1924
2056
2045
2156
2117
1826
1841
2159
2423
2702
2679
2257
1793
1564
1449
1490
1524
1517
1434
1544
1521
1658
1737
1658
1604
1624
1553
1662
1621
1648
1608
1559
1640
1707
1701
1744
1883
2091
2161
2286
2093
1844
1735
1677
1616
1464
1224
1087
1008
1014
880
906
920
870
781
753
731
854
1203
1764
2515
3126
3274
2962
2301
1391
775
464
303
324
359
545
788
1342
1986
2478
2707
2511
1941
1350
709
453
241
191
177
146
152
145
141
138
174
145
158
159
127
172
192
192
184
226
194
183
207
156
166
123
129
100
112
107
106
90
109
91
88
88
95
99
87
84
88
84
85
88
77
75
88
74
81
81
83
72
84
107
83
75
80
92
86
77
82
100
100
125
113
128
124
151
113
108
104
99
92
91
84
97
89
93
99
98
94
92
69
75
91
80
65
70
72
46
47
44
31
38
34
35
30
37
28
22
35
40
63
72
81
89
122
168
161
158
156
141
106
118
70
61
32
37
34
24
19
28
7
13
14
17
21
8
16
10
18
14
14
8
12
9
5
11
0
