0
0
0
0
0
0
0
0
0
0
0
0
1
648
6034
12263
4389
4238
4917
5974
7834
8185
5981
4536
4034
3666
3463
3434
3607
3823
3475
2723
2252
2113
2122
2121
2111
1946
1985
2010
2121
2053
2050
2054
2105
2120
2018
1870
1956
2273
2593
2665
2365
1966
1647
1498
1519
1520
1473
1499
1507
1539
1646
1685
1672
1641
1579
1574
1625
1599
1595
1565
1564
1571
1636
1743
1808
2000
2141
2182
2135
1988
1837
1776
1662
1497
1322
1164
1051
998
925
910
918
872
835
797
768
876
1166
1776
2487
3101
3222
2931
2099
1386
737
422
314
304
405
608
941
1474
2041
2503
2510
2232
1637
1081
622
360
233
163
143
145
160
162
152
153
145
146
144
148
158
193
203
191
211
213
196
176
164
136
129
112
112
104
104
84
105
110
89
83
100
82
90
103
97
102
84
72
89
96
75
66
78
78
76
78
86
79
77
86
87
80
70
80
87
89
91
101
112
125
123
123
123
113
101
99
95
94
92
95
93
90
91
90
89
90
86
89
76
71
65
58
58
50
44
44
41
32
30
30
35
34
35
32
39
37
54
69
89
98
118
138
168
171
174
146
125
107
83
60
35
32
25
23
22
17
16
11
10
12
17
18
15
18
14
14
13
11
8
14
12
10
