4
50
7
0
0
0
0
0
3838
14711
4520
4033
4668
5356
6907
9091
7164
4802
4305
3829
3559
3407
3442
3667
3881
3376
2584
2194
2101
2123
2119
2112
1945
1984
1995
2131
2052
2050
2041
2092
2137
2081
1893
1817
2146
2420
2791
2545
2221
1778
1560
1456
1553
1505
1457
1512
1502
1543
1665
1687
1669
1640
1574
1570
1625
1598
1597
1564
1563
1561
1606
1737
1751
1945
2117
2186
2176
2080
1857
1811
1741
1587
1422
1245
1107
1011
997
882
925
918
854
830
788
753
884
1171
1817
2525
3149
3247
2982
2131
1439
771
437
317
290
369
546
812
1321
1869
2482
2555
2450
1853
1293
762
426
276
180
142
145
140
182
143
162
146
144
149
139
154
155
212
200
183
221
212
193
171
166
129
130
108
114
102
108
79
107
114
88
80
102
81
89
103
96
105
87
68
87
101
79
63
78
78
76
73
89
80
73
86
87
89
66
77
86
91
84
101
100
125
123
124
120
132
97
106
92
99
90
94
96
90
91
91
88
90
92
80
98
66
76
60
57
61
45
43
45
41
29
31
28
37
33
37
29
42
32
56
68
93
96
120
135
173
168
181
145
124
109
84
63
32
34
24
22
24
16
17
10
10
12
18
18
13
20
13
15
12
11
7
14
12
12
0
