0
0
0
0
0
0
0
0
0
0
0
0
0
617
5904
12099
4325
4270
4946
5924
7796
8307
6008
4485
4082
3761
3466
3411
3445
3732
3494
2739
2410
2295
2120
2138
2064
1923
1933
2077
2039
1989
2009
2065
2134
2169
1964
1858
1949
2227
2575
2701
2457
2013
1675
1524
1572
1547
1479
1504
1545
1486
1588
1730
1599
1564
1635
1540
1537
1557
1580
1581
1565
1638
1657
1718
1785
1970
2094
2188
2140
1973
1827
1716
1610
1525
1377
1196
1086
997
968
927
902
881
803
766
762
848
1070
1559
2349
3060
3372
3057
2387
1518
906
513
340
317
375
518
855
1372
1927
2409
2556
2323
1789
1221
745
425
256
182
161
157
159
155
145
149
153
142
140
150
173
200
200
218
227
198
176
164
139
140
129
117
96
90
88
86
84
93
94
78
77
88
92
77
66
78
84
91
94
94
79
68
71
76
79
73
74
71
70
74
80
84
85
80
76
86
94
97
110
112
112
124
130
124
106
95
93
95
98
87
84
87
85
85
88
94
90
86
83
73
60
51
48
51
51
52
46
34
30
33
34
27
31
33
30
32
38
57
75
88
103
134
152
165
170
137
109
98
80
65
46
33
25
17
14
13
14
15
17
18
18
18
16
13
12
12
9
7
8
12
17
10
