0
0
0
0
0
0
0
0
0
0
0
0
0
598
5913
12514
4333
4211
4911
5831
7813
8366
6013
4454
4126
3761
3483
3411
3536
3813
3481
2774
2387
2259
2051
2129
2030
1911
1884
1960
2073
2025
1984
2046
2090
2096
1933
1874
1972
2249
2600
2729
2446
1978
1661
1548
1523
1492
1519
1502
1551
1591
1609
1706
1612
1590
1599
1550
1580
1562
1545
1579
1636
1615
1705
1663
1758
1972
2159
2219
2131
2034
1872
1707
1632
1483
1273
1167
1059
955
927
946
911
832
807
756
721
844
1132
1692
2421
2964
3274
3060
2207
1387
786
426
328
291
385
560
881
1401
2058
2490
2596
2278
1734
1158
652
346
199
163
162
161
158
163
156
153
151
144
149
150
164
180
203
227
230
213
182
186
173
147
124
133
109
104
103
101
82
80
97
98
84
102
95
92
100
82
82
89
88
91
85
83
92
88
83
81
90
80
70
65
68
76
79
81
90
82
88
97
110
117
126
130
120
111
96
95
89
78
81
83
97
97
89
100
95
80
88
85
80
71
70
72
70
60
43
48
41
40
30
31
20
19
31
32
31
47
60
76
84
106
110
144
148
155
183
139
118
85
80
65
46
38
37
25
10
9
8
12
13
12
20
10
10
11
13
14
12
11
7
9
10
9
