4
50
9
0
0
0
0
0
3661
15079
4426
3974
4737
5248
6769
9266
7321
4668
4254
4027
3586
3424
3404
3592
3893
3364
2638
2341
2248
2033
2136
2028
1911
1881
1951
2081
2035
1971
2041
2072
2151
1964
1866
1891
2105
2455
2785
2673
2233
1763
1584
1524
1522
1477
1539
1489
1572
1599
1614
1725
1597
1589
1602
1549
1582
1562
1544
1575
1643
1598
1719
1652
1710
1923
2125
2253
2153
2087
1944
1762
1630
1636
1320
1224
1117
1012
913
938
954
889
806
808
738
715
881
1193
1792
2526
3022
3302
3043
2170
1375
785
425
330
284
371
524
811
1282
1970
2451
2659
2419
1890
1328
765
411
218
162
164
163
158
156
173
140
167
139
151
151
151
175
186
215
236
228
207
173
192
168
142
120
138
104
104
104
100
80
83
100
99
84
104
95
92
103
82
84
91
88
94
85
81
94
89
84
78
94
83
71
65
67
77
82
75
96
81
88
94
107
119
119
138
122
117
104
88
104
76
83
81
87
109
89
92
109
86
76
97
79
83
66
75
71
69
55
37
55
36
44
26
35
16
23
36
31
31
54
64
82
87
113
109
153
147
159
190
130
116
80
81
63
44
37
36
24
9
10
9
15
12
11
23
9
13
14
16
17
11
13
7
11
10
9
0
