0
0
0
0
0
0
0
0
0
0
0
0
0
566
5730
12428
4422
4208
4901
5872
7721
8199
5991
4489
4123
3754
3475
3422
3570
3818
3532
2798
2298
2135
2055
2095
2071
1905
1869
1949
2118
2046
2075
2097
2160
2164
1989
1839
1954
2260
2579
2718
2430
1951
1661
1582
1528
1493
1531
1532
1483
1527
1614
1640
1681
1642
1564
1600
1624
1625
1579
1547
1584
1673
1733
1701
1799
1958
2129
2240
2182
1972
1785
1714
1692
1570
1383
1163
1011
955
923
925
882
855
810
778
750
809
1086
1606
2292
3005
3258
3038
2288
1531
857
484
324
311
340
527
861
1359
1926
2421
2616
2378
1791
1194
669
383
236
180
178
163
141
147
151
147
139
147
160
158
172
195
203
214
232
218
195
167
143
138
123
104
106
108
92
91
100
95
88
92
86
87
104
92
99
90
92
85
82
78
79
71
89
84
84
85
84
84
88
80
70
73
84
90
83
77
95
105
112
120
128
127
121
117
120
110
105
104
91
81
82
90
95
96
86
88
97
95
86
81
67
53
51
54
48
42
39
33
31
29
29
27
26
27
31
38
49
54
70
90
109
130
155
171
153
140
126
102
85
68
46
36
32
23
20
18
18
19
14
11
10
9
9
9
11
12
9
6
10
9
7
6
