4
50
10
0
0
0
0
0
3501
15037
4423
3990
4704
5326
6808
9082
7196
4677
4270
4004
3581
3411
3434
3640
3897
3423
2631
2223
2121
2049
2104
2071
1900
1867
1939
2142
2039
2079
2088
2152
2214
2053
1832
1836
2169
2438
2800
2653
2192
1705
1604
1564
1505
1486
1557
1524
1467
1551
1640
1646
1693
1636
1555
1608
1629
1629
1578
1543
1580
1672
1754
1681
1776
1931
2106
2251
2257
2031
1823
1690
1742
1635
1477
1257
1043
962
943
907
941
847
858
785
771
740
840
1187
1760
2468
3165
3295
2990
2163
1439
782
447
307
312
324
512
829
1327
1898
2434
2681
2517
1871
1306
695
404
247
170
181
179
137
139
164
140
155
123
171
156
159
187
208
203
225
243
204
188
153
135
139
116
97
112
107
87
95
104
92
87
96
84
89
110
88
103
88
95
83
84
77
84
63
99
81
87
85
84
84
94
80
68
73
85
93
90
63
100
106
113
118
133
126
132
107
130
114
99
113
95
81
76
91
97
97
97
74
102
100
89
82
79
55
48
56
57
40
44
37
30
33
27
33
23
31
28
36
43
57
55
84
98
119
140
169
177
140
138
119
91
80
61
38
34
30
20
19
17
22
17
12
10
10
9
13
7
16
13
7
7
14
7
9
6
0
