0
0
0
0
0
0
0
0
0
0
0
0
5
669
6032
12298
4349
4265
4980
5904
7697
8358
6051
4449
4044
3707
3523
3539
3564
3801
3416
2663
2300
2120
2149
2061
1985
1894
1930
2002
2065
2061
2038
2040
2086
2095
2003
1908
1992
2244
2610
2699
2428
1995
1672
1559
1545
1523
1504
1499
1523
1605
1619
1657
1712
1555
1592
1605
1561
1624
1606
1522
1569
1670
1683
1642
1728
1951
2178
2217
2117
1949
1759
1689
1654
1552
1397
1186
1002
944
931
916
883
849
777
713
746
880
1252
1846
2577
3201
3333
2926
2131
1257
733
432
311
295
399
661
1049
1567
2082
2479
2516
2105
1568
1009
573
327
212
166
163
168
176
166
152
151
151
127
129
153
172
189
205
214
217
208
198
172
154
132
128
109
100
106
102
106
92
96
90
94
111
98
97
98
104
85
76
92
91
82
72
82
85
88
88
82
74
70
67
75
79
82
84
79
78
83
94
114
127
124
125
136
127
114
111
102
95
96
108
103
88
87
93
95
95
92
84
74
71
67
64
57
55
57
52
46
38
34
33
32
31
29
29
35
44
54
71
86
92
103
126
151
167
169
166
158
116
88
69
53
39
31
24
19
17
14
13
10
10
11
10
9
9
8
8
9
9
12
9
9
10
5
