4
50
12
0
0
0
0
0
3649
14560
4428
4035
4725
5427
6709
9246
7296
4701
4092
3906
3642
3431
3336
3665
3876
3450
2716
2318
2182
2141
2089
2053
1993
1973
2025
2044
2046
2062
1956
2130
2144
1979
1860
1863
2087
2442
2704
2574
2269
1757
1655
1484
1527
1614
1499
1522
1538
1571
1604
1634
1610
1564
1526
1639
1625
1641
1637
1540
1561
1613
1714
1579
1769
1970
2045
2216
2225
1976
1824
1636
1649
1613
1453
1289
1105
974
930
941
923
980
853
780
730
721
869
1202
1881
2468
3175
3409
3019
2237
1449
757
465
335
272
358
537
849
1406
1928
2464
2669
2471
1856
1224
726
419
262
181
139
159
146
142
145
154
188
146
138
150
125
187
179
207
208
221
187
186
180
157
137
129
98
101
122
97
112
87
94
80
96
101
105
81
87
92
97
86
69
89
95
73
94
72
67
90
91
96
82
82
90
76
77
77
77
89
91
90
87
142
115
130
148
121
113
125
97
100
89
107
101
98
102
89
96
108
87
88
73
72
88
74
62
54
52
54
46
55
36
26
32
28
35
28
29
27
43
46
65
76
90
124
112
158
168
126
148
130
114
82
69
64
45
32
26
22
16
25
13
21
11
19
15
13
15
8
14
13
8
9
10
8
9
10
0
