0
0
0
0
0
0
0
0
0
0
0
0
0
582
5677
11959
4542
4239
4928
5866
7673
8301
6102
4444
3996
3749
3511
3366
3544
3793
3554
2895
2407
2205
2142
2090
2052
1993
1971
2014
2035
2041
2037
1994
2111
2094
1953
1865
1932
2193
2510
2624
2440
2041
1733
1568
1511
1569
1538
1513
1526
1553
1587
1618
1612
1572
1531
1611
1623
1632
1628
1554
1556
1610
1673
1627
1769
1947
2066
2185
2149
1962
1781
1660
1630
1554
1404
1229
1067
965
937
929
949
908
821
755
726
804
1055
1598
2217
2898
3303
3135
2481
1678
954
544
369
294
347
515
824
1322
1861
2352
2577
2399
1873
1261
766
448
275
187
152
150
147
143
145
162
167
149
142
138
151
175
190
202
211
204
190
183
170
150
135
114
100
110
108
105
98
90
87
86
97
102
91
83
88
93
90
76
79
90
83
82
80
70
79
89
91
87
82
85
80
75
76
77
83
88
90
97
119
126
128
137
127
117
115
105
96
95
100
102
99
97
94
96
100
91
83
76
75
80
74
62
55
52
51
49
48
36
29
29
30
31
29
27
30
40
49
64
77
96
116
125
155
154
135
139
126
106
80
68
58
42
31
25
21
18
20
15
17
13
16
15
13
12
9
12
12
7
8
9
7
8
