0
0
0
0
0
0
0
0
0
0
0
0
0
536
5573
12414
4505
4254
4889
5857
7732
8278
6127
4493
4031
3705
3489
3401
3514
3719
3458
2766
2440
2197
2142
2054
2062
1869
1882
1959
2103
2077
1943
2017
2117
2131
2022
1859
1924
2225
2594
2730
2449
1990
1642
1537
1494
1493
1523
1478
1516
1604
1630
1699
1680
1609
1520
1566
1569
1650
1620
1517
1526
1565
1663
1710
1766
1908
2086
2242
2178
2006
1831
1703
1635
1557
1383
1172
1058
986
937
928
906
875
846
785
759
825
1077
1638
2329
3029
3339
3134
2358
1426
816
475
325
303
373
544
869
1414
1978
2466
2602
2331
1830
1204
705
399
231
175
153
157
157
163
153
157
161
158
159
150
154
177
192
207
213
205
178
164
145
136
121
116
121
114
103
92
89
91
90
92
94
102
102
97
84
89
91
90
98
92
93
88
81
73
78
82
81
88
87
90
81
68
74
74
78
80
87
100
112
121
123
127
119
109
112
105
94
96
99
95
100
107
102
101
102
95
91
91
81
70
67
64
58
54
51
48
41
38
30
26
26
26
36
40
35
33
53
71
74
86
114
134
147
156
147
140
130
107
85
68
52
32
24
19
16
15
11
11
11
10
11
12
14
15
15
12
10
15
13
9
10
10
