4
50
16
0
0
0
0
0
3386
15344
4461
4081
4646
5443
6789
9163
7312
4743
4231
3950
3734
3471
3382
3585
3845
3444
2596
2274
2055
2162
2094
1989
1972
1896
1949
2021
2056
1986
2014
2054
2122
2039
1848
1819
2062
2493
2754
2608
2118
1784
1581
1527
1556
1478
1505
1542
1496
1491
1612
1659
1694
1522
1531
1564
1613
1628
1573
1569
1607
1622
1736
1705
1850
1939
2095
2248
2247
2001
1806
1729
1622
1660
1500
1243
1074
1027
945
944
922
902
881
839
743
714
891
1183
1788
2522
3104
3341
3008
2181
1406
765
461
325
277
353
567
857
1447
1951
2499
2546
2429
1904
1191
715
404
245
186
140
145
139
146
157
149
141
157
186
138
145
149
208
197
193
211
180
182
155
159
138
124
109
116
114
84
94
94
99
100
93
76
102
87
81
93
84
95
90
94
71
92
80
89
68
79
88
86
77
66
74
78
78
65
68
96
82
71
110
104
134
153
135
127
116
99
89
95
86
90
81
94
97
93
105
97
106
90
95
70
102
74
64
64
57
54
36
35
32
41
41
30
28
26
30
40
24
37
51
72
98
122
127
138
174
162
159
133
108
100
87
58
47
30
32
25
13
11
20
18
13
13
10
15
10
21
11
10
16
9
13
12
14
6
0
