4
50
17
0
0
0
0
0
3390
15190
4445
4022
4661
5327
6827
9066
7443
4737
4162
3954
3632
3428
3239
3741
3873
3325
2614
2282
2186
2167
2171
2104
1914
1972
2041
2067
2117
1988
2025
2088
2151
2048
1850
1815
2080
2447
2704
2630
2114
1786
1604
1537
1532
1593
1428
1496
1521
1512
1619
1682
1733
1593
1496
1590
1589
1647
1577
1560
1619
1647
1728
1673
1801
1856
2067
2224
2248
2030
1846
1697
1638
1561
1361
1259
1069
1048
936
936
947
881
887
763
747
728
857
1187
1896
2533
3242
3273
2856
2182
1426
760
456
317
284
368
552
880
1366
1899
2425
2622
2411
1893
1262
734
448
255
194
158
168
151
147
178
121
165
152
144
173
156
172
233
207
208
234
213
184
185
142
130
104
92
108
101
92
107
103
90
83
82
84
81
102
98
85
89
93
95
93
89
85
98
82
81
86
79
77
82
72
102
93
82
63
82
82
76
92
105
106
122
134
135
129
127
114
111
88
90
99
67
88
91
96
94
94
82
74
81
101
78
80
65
59
64
47
48
52
27
26
37
32
34
28
24
33
34
51
54
85
96
101
113
145
178
175
153
132
124
92
86
59
27
25
28
16
16
16
8
20
16
20
13
14
15
12
12
17
17
12
7
10
13
9
0
