4
50
18
0
0
0
0
0
3346
15079
4444
4070
4664
5445
6748
9071
7448
4702
4173
3867
3676
3362
3392
3729
3917
3339
2546
2211
2177
2129
2137
2057
1985
1939
1997
2005
2064
2033
1970
2150
2104
2032
1902
1858
2079
2469
2833
2639
2234
1707
1565
1497
1502
1529
1507
1524
1572
1551
1648
1680
1641
1605
1550
1565
1565
1660
1651
1625
1530
1605
1643
1644
1843
1942
2168
2248
2225
2075
1865
1775
1669
1621
1406
1266
1145
986
985
917
988
868
847
807
740
681
876
1234
1866
2647
3182
3288
2918
2156
1330
781
445
301
320
373
534
968
1419
1936
2430
2557
2509
1854
1274
718
421
234
186
172
126
167
148
136
156
135
155
129
152
170
159
178
201
208
186
169
189
147
154
135
114
98
110
106
94
95
90
113
91
90
85
85
93
84
82
87
74
89
77
91
94
79
89
82
72
88
70
77
70
88
82
73
83
70
87
72
99
102
101
88
138
121
106
93
106
107
102
96
91
106
80
78
87
81
81
95
97
98
88
69
61
71
61
55
46
42
36
19
43
39
31
43
30
25
37
31
37
61
63
81
111
137
151
149
142
156
136
126
78
72
58
36
24
26
17
19
14
12
16
18
12
9
5
9
8
6
12
13
19
7
13
9
8
0
