0
0
0
0
0
0
0
0
0
0
0
0
0
539
5583
12395
4486
4248
4908
5909
7661
8291
6148
4468
4007
3753
3480
3378
3611
3850
3480
2725
2278
2180
2131
2130
2059
1985
1941
1989
2006
2052
2021
2007
2124
2083
1994
1891
1935
2212
2593
2726
2452
1985
1651
1530
1500
1514
1512
1515
1552
1553
1618
1666
1646
1609
1556
1558
1561
1643
1648
1617
1546
1596
1634
1675
1837
1977
2159
2229
2178
2018
1850
1741
1656
1534
1360
1219
1077
995
949
956
916
861
823
767
704
808
1105
1656
2398
3016
3246
2999
2322
1492
883
505
329
319
376
551
945
1412
1921
2363
2522
2372
1820
1224
721
412
247
189
159
144
155
146
144
145
144
141
140
156
163
168
186
201
195
178
179
164
153
143
123
105
104
106
99
94
92
104
98
91
86
84
89
86
82
84
78
83
80
86
91
83
84
83
76
80
75
73
74
81
82
76
77
76
79
81
92
99
98
103
122
120
105
98
102
104
101
95
95
94
83
80
82
82
84
92
95
93
82
68
65
65
60
52
45
40
29
30
38
36
36
36
29
29
32
33
46
58
70
92
119
140
148
146
147
145
132
103
77
65
47
31
25
22
18
17
13
12
15
15
11
7
6
7
7
7
10
15
12
9
10
8
