4
50
19
0
0
0
0
0
3331
15358
4442
4125
4663
5415
6703
9137
7375
4588
4231
3822
3638
3456
3379
3658
3745
3396
2745
2217
2102
2111
2127
1953
1971
1953
1978
2132
2035
2029
2003
2054
2175
2091
1865
1805
2130
2419
2708
2643
2105
1757
1542
1494
1566
1561
1573
1482
1480
1629
1648
1704
1668
1608
1580
1590
1584
1581
1639
1624
1563
1605
1630
1713
1839
1938
2078
2261
2185
2036
1936
1705
1689
1648
1455
1220
1061
986
969
942
1000
935
841
763
743
727
873
1278
1840
2567
3290
3299
2949
2179
1310
750
408
297
308
377
548
849
1311
1938
2459
2618
2393
1857
1274
724
408
247
168
155
152
135
153
143
140
155
158
162
138
159
193
182
211
206
236
221
182
154
146
137
122
125
113
89
83
92
103
93
85
96
96
90
90
90
84
88
91
87
79
89
84
79
79
76
82
81
80
97
101
80
92
89
85
61
77
95
87
103
112
101
130
99
111
124
99
93
113
88
101
76
76
93
104
88
92
97
99
92
76
67
75
73
62
67
52
38
31
38
28
29
26
36
36
32
37
41
41
53
72
71
109
129
137
183
164
146
150
95
92
72
71
58
33
25
14
17
14
16
19
19
10
11
12
4
11
8
7
10
12
8
14
8
10
0
