4
50
20
0
0
0
0
0
3327
15334
4445
4044
4583
5442
6805
9099
7207
4617
4206
3875
3598
3350
3326
3667
3877
3302
2513
2256
2236
2132
2107
2055
1994
1940
2060
2088
2101
1951
2030
2088
2173
1983
1790
1849
2048
2548
2745
2617
2148
1738
1582
1558
1510
1452
1548
1546
1553
1615
1679
1683
1626
1637
1558
1589
1600
1659
1640
1578
1567
1613
1658
1653
1768
1922
2148
2269
2179
2055
1850
1710
1772
1652
1472
1288
1087
1002
963
924
915
872
874
762
719
700
888
1218
1861
2582
3183
3271
2996
2194
1354
769
450
353
319
366
569
861
1392
1899
2495
2635
2455
1925
1262
714
411
236
181
155
156
140
173
140
156
160
132
147
154
167
178
193
210
218
186
203
164
161
137
121
130
101
93
92
94
88
90
84
100
89
95
97
105
114
90
106
96
77
92
84
81
79
89
72
80
79
79
79
79
64
82
77
68
95
101
95
98
95
101
115
136
129
138
110
143
108
99
107
106
98
76
73
79
87
83
89
90
77
76
76
73
74
62
66
42
48
41
35
31
35
33
29
27
26
33
39
39
64
71
95
101
109
156
168
168
157
122
107
94
81
50
37
28
14
22
22
18
14
11
13
13
10
11
12
12
10
16
13
11
17
15
10
6
0
