4
50
21
0
0
0
0
0
3261
15430
4330
4104
4682
5337
6800
9266
7249
4698
4167
3866
3624
3440
3356
3666
3804
3322
2554
2273
2205
2183
2096
1971
1912
1874
2021
1966
2018
2007
2036
2171
2149
2027
1831
1944
2174
2524
2845
2725
2242
1740
1550
1435
1500
1547
1513
1512
1508
1529
1654
1671
1706
1607
1481
1513
1593
1617
1562
1548
1573
1579
1633
1680
1779
1922
2121
2186
2217
2037
1840
1685
1713
1530
1394
1325
1138
1034
946
948
942
847
893
816
737
773
865
1208
1796
2495
3351
3323
2954
2177
1318
771
434
315
322
362
572
886
1364
1985
2530
2633
2450
1843
1217
740
435
244
167
130
139
171
167
156
148
148
167
159
142
168
176
197
220
183
197
164
208
172
173
121
142
107
107
89
92
97
87
87
97
93
88
86
85
86
83
95
84
72
88
91
85
89
94
79
68
71
89
83
78
87
91
82
80
71
83
92
96
90
119
106
114
125
123
135
109
90
88
104
97
90
101
106
91
106
99
96
99
87
84
76
67
60
58
60
57
48
45
33
39
29
39
28
37
30
29
34
46
65
68
97
117
133
173
162
168
167
146
99
100
59
54
41
27
14
18
12
19
15
24
11
12
19
12
11
18
8
11
10
11
15
4
11
12
0
