0
0
0
0
0
0
0
0
0
0
0
0
0
537
5620
12559
4486
4252
4915
5947
7787
8284
6130
4456
3990
3692
3413
3369
3603
3847
3566
2763
2310
2161
2179
2051
2038
1962
1951
2011
2075
1969
1992
2064
2089
2152
1957
1847
1906
2204
2546
2689
2434
1986
1651
1542
1510
1522
1542
1558
1492
1610
1599
1673
1709
1573
1559
1519
1594
1606
1574
1624
1620
1631
1734
1725
1791
1932
2135
2283
2177
2014
1832
1719
1618
1470
1321
1208
1070
945
913
935
912
863
801
728
703
831
1118
1656
2430
3009
3210
2948
2251
1442
823
479
347
330
388
562
918
1450
1980
2439
2602
2298
1700
1111
663
391
249
179
155
158
166
171
165
156
155
147
154
162
165
186
209
216
210
210
203
175
155
147
131
112
115
109
105
92
103
96
93
86
82
93
96
103
93
86
84
75
77
79
78
87
82
84
90
81
79
77
81
79
83
78
77
88
100
93
83
88
107
126
129
130
123
110
108
103
96
89
88
93
90
80
79
88
96
92
82
78
77
76
69
61
58
56
48
41
39
38
34
31
27
29
32
31
38
51
58
65
77
88
113
146
151
145
151
152
133
107
78
61
43
31
30
22
12
10
9
11
17
15
13
12
12
15
13
11
10
7
11
11
10
14
