4
50
24
0
0
0
0
0
3337
15246
4444
4056
4706
5378
6939
9091
7391
4739
4128
3871
3567
3320
3402
3708
3918
3458
2566
2247
2147
2189
2041
2042
1961
1951
2012
2100
1963
1981
2080
2046
2234
1981
1871
1793
2106
2407
2784
2615
2229
1725
1557
1524
1503
1539
1552
1568
1463
1670
1583
1703
1717
1545
1563
1515
1608
1611
1569
1635
1622
1614
1757
1713
1773
1907
2089
2348
2209
2079
1861
1738
1668
1534
1365
1244
1154
972
900
923
953
887
844
773
699
703
897
1229
1843
2670
3145
3245
2876
2105
1308
734
432
331
325
383
549
901
1458
1979
2473
2697
2407
1761
1153
683
395
256
179
150
156
169
169
178
149
162
150
141
171
157
173
204
221
214
205
216
195
159
149
146
122
105
121
105
106
85
112
90
94
83
82
99
96
107
89
86
84
73
81
79
75
95
78
85
97
76
82
75
86
76
90
75
77
86
110
94
79
88
102
135
127
131
137
98
120
98
104
84
91
91
102
76
79
86
99
100
83
76
81
74
78
59
61
56
56
40
41
38
37
31
31
24
35
32
30
48
59
61
73
86
95
134
164
142
147
157
148
119
95
63
58
31
32
30
16
9
12
10
15
22
9
16
10
17
18
9
13
10
6
17
7
15
16
0
