4
50
25
0
0
0
0
0
3362
15170
4425
3978
4666
5341
6803
9160
7253
4560
4178
3932
3578
3364
3378
3723
3981
3414
2727
2259
2211
2124
2060
2089
2032
1878
2011
2069
2114
2080
1882
2113
2115
2047
1730
1796
2188
2498
2817
2639
2157
1754
1525
1583
1529
1581
1555
1520
1514
1436
1666
1634
1648
1614
1557
1541
1566
1596
1609
1661
1619
1619
1614
1727
1804
1856
2118
2317
2173
2061
1871
1673
1731
1547
1439
1240
1079
954
970
938
941
922
874
784
753
756
861
1276
1860
2573
3149
3402
2901
2134
1353
762
402
298
276
426
566
896
1470
2053
2451
2584
2440
1894
1162
695
436
215
168
161
156
161
146
155
142
145
153
128
168
154
184
187
196
215
234
194
176
156
170
138
131
96
112
101
104
90
103
107
92
91
99
78
87
90
91
95
96
98
102
72
83
82
87
84
94
82
69
81
77
74
68
62
84
86
82
68
85
112
114
117
140
115
127
118
108
110
109
117
85
97
84
93
93
95
90
98
95
75
68
70
62
48
65
51
59
37
48
38
34
33
30
28
34
37
29
36
42
49
63
87
107
113
140
161
156
162
154
130
73
71
54
40
25
25
18
18
26
20
14
17
13
16
11
9
13
12
10
19
12
6
12
12
7
0
