4
50
26
0
0
0
0
0
3274
15112
4369
3913
4640
5343
6723
9137
7241
4750
4332
3955
3538
3448
3387
3652
3853
3414
2583
2165
2235
2018
2062
2103
2024
1865
2020
2123
2139
2012
2081
2227
2144
2051
1828
1853
2211
2577
2810
2546
2190
1754
1579
1568
1519
1506
1506
1537
1540
1559
1651
1655
1671
1569
1607
1560
1571
1533
1579
1534
1578
1638
1627
1835
1694
1904
2087
2224
2226
2072
1809
1691
1600
1664
1432
1240
1067
1001
923
906
901
985
875
819
746
813
927
1239
1828
2629
3196
3410
2884
2107
1377
752
418
309
292
384
578
881
1387
1989
2534
2593
2386
1819
1247
731
356
218
174
178
144
151
166
163
184
133
131
131
166
159
171
212
222
244
230
212
188
191
157
162
129
110
108
110
99
104
95
87
83
86
101
91
82
89
89
79
94
83
79
105
92
76
84
75
77
67
78
87
71
82
80
77
91
83
76
92
96
94
89
112
137
143
120
118
118
96
86
92
90
70
98
94
102
106
83
98
74
87
83
60
77
45
64
48
59
44
36
39
39
39
28
27
38
33
45
44
51
62
76
99
144
116
162
152
154
155
119
104
83
71
45
34
27
26
14
15
16
17
10
19
13
15
15
6
12
10
16
14
11
9
8
11
7
0
