0
0
0
0
0
0
0
0
0
0
0
0
1
538
5624
12702
4295
4234
5050
5952
7722
8237
5971
4390
4008
3734
3530
3384
3597
3824
3513
2780
2357
2174
2095
2184
2064
2007
1995
1977
2068
2044
1995
2118
2107
2092
1951
1857
1981
2324
2634
2647
2366
1934
1651
1579
1519
1472
1489
1490
1512
1540
1559
1678
1667
1595
1601
1517
1636
1622
1698
1510
1620
1692
1702
1730
1872
1951
2182
2220
2123
1943
1785
1712
1617
1461
1340
1182
1020
968
950
918
929
889
816
744
758
868
1173
1818
2583
3069
3344
2877
2038
1259
726
420
323
323
409
642
1045
1626
2173
2469
2482
2184
1580
1034
593
323
206
157
152
162
157
152
154
159
152
150
146
147
150
178
199
207
203
210
184
157
147
132
127
126
118
109
104
99
90
86
97
97
110
102
111
86
90
71
97
100
92
83
82
90
79
92
95
78
89
81
82
90
79
75
71
72
80
91
100
106
119
116
118
113
109
105
98
101
109
95
77
90
105
109
108
90
84
102
93
84
80
77
75
64
63
52
41
40
38
33
37
39
32
25
26
30
37
43
63
72
83
112
130
131
148
172
152
134
124
97
73
53
33
27
26
21
17
15
11
13
15
19
11
11
9
9
10
8
11
15
5
10
15
12
