4
50
29
0
0
0
0
0
3100
15330
4396
4101
4772
5300
6780
9206
7337
4686
4150
3902
3459
3313
3383
3691
3780
3403
2550
2215
2190
2085
2146
2040
1878
1938
2000
2121
2085
2094
1991
2124
2260
2018
1851
1856
2171
2509
2833
2588
2181
1796
1552
1507
1581
1506
1495
1518
1454
1601
1645
1667
1647
1636
1511
1508
1610
1592
1717
1619
1570
1731
1696
1705
1778
1906
2134
2271
2224
2028
1923
1712
1674
1601
1486
1194
1077
995
991
890
886
848
850
804
723
752
871
1266
1894
2598
3192
3338
2882
2121
1289
682
427
301
287
404
534
904
1441
1993
2424
2623
2402
1817
1223
685
397
236
187
148
156
136
145
181
155
169
124
169
143
163
169
209
225
228
223
177
188
174
164
146
126
112
79
99
94
111
110
97
95
90
101
101
99
83
86
88
92
88
90
80
95
101
85
90
79
88
94
64
81
72
81
78
83
83
97
98
99
102
114
123
140
111
125
119
97
110
86
94
90
89
95
86
91
96
89
81
100
89
75
73
87
83
64
57
54
56
41
41
43
43
31
31
35
33
37
54
43
61
71
100
118
143
137
148
163
142
121
133
91
77
48
32
33
19
13
23
17
8
16
7
9
10
11
8
7
18
10
13
14
14
7
8
13
0
