0
0
0
0
0
0
0
0
0
0
0
0
0
495
5396
12508
4523
4298
4919
5822
7705
8304
6109
4463
4019
3644
3371
3350
3576
3737
3495
2753
2289
2192
2096
2132
2045
1887
1929
1998
2101
2083
2070
2020
2138
2181
1983
1860
1958
2268
2607
2702
2413
2015
1690
1538
1545
1530
1499
1505
1472
1550
1622
1654
1648
1635
1533
1506
1587
1594
1687
1627
1589
1696
1698
1710
1786
1930
2128
2235
2170
2016
1864
1720
1648
1562
1378
1171
1051
998
941
894
864
849
823
759
741
818
1105
1644
2324
2969
3270
3011
2336
1510
837
488
332
297
384
536
873
1383
1921
2350
2533
2332
1816
1226
724
413
254
185
157
148
142
154
166
163
150
146
152
153
161
183
209
222
225
202
186
180
170
155
137
120
95
91
94
102
109
103
96
92
95
100
99
89
83
86
89
89
88
84
88
96
91
86
83
84
87
76
73
76
76
79
80
84
91
96
97
102
111
122
128
122
118
115
105
100
93
90
90
89
90
89
89
92
88
87
92
87
77
76
82
78
65
57
54
51
43
40
41
39
32
30
33
34
41
47
49
61
79
102
123
138
140
151
153
136
125
117
88
67
43
32
28
17
16
19
14
10
11
7
7
8
9
8
8
14
11
12
13
11
6
8
