4
50
30
0
0
0
0
0
3057
15562
4377
3981
4603
5376
6872
9204
7260
4641
4303
3805
3529
3479
3295
3678
3846
3374
2590
2310
2205
2146
2118
2049
1916
1857
1981
2014
2038
2000
2039
2159
2248
2024
1920
1898
2164
2461
2811
2638
2166
1802
1601
1551
1466
1571
1454
1493
1494
1496
1774
1699
1716
1559
1550
1549
1630
1598
1604
1599
1562
1578
1615
1736
1810
1868
2114
2279
2243
2047
1835
1738
1737
1562
1432
1225
1053
1029
979
964
928
881
877
799
721
728
883
1186
1918
2651
3210
3284
3002
2110
1278
732
399
311
312
385
542
897
1459
2028
2500
2707
2348
1834
1142
692
379
261
175
158
140
173
159
165
155
156
152
143
141
164
147
190
194
200
197
183
193
168
146
151
129
115
86
86
96
100
102
82
95
80
101
85
101
94
84
90
86
105
83
70
84
87
94
64
78
95
71
66
92
81
72
68
76
64
63
90
93
101
106
133
120
120
116
111
91
100
104
86
79
88
88
111
104
76
103
84
79
90
87
71
71
71
53
49
49
36
25
26
30
29
37
29
32
43
34
44
51
70
62
98
133
126
147
175
192
149
158
112
83
59
60
41
29
25
29
22
16
17
19
12
10
14
12
8
13
16
12
10
12
8
9
13
7
0
