4
50
31
0
0
0
0
0
2977
15508
4555
4074
4714
5496
6830
9104
7361
4648
4131
3861
3530
3439
3327
3604
3886
3355
2617
2246
2078
2135
2071
2117
1931
1987
1993
2069
2078
1996
1991
2056
2192
2018
1887
1868
2218
2520
2616
2566
2229
1791
1623
1662
1563
1570
1484
1551
1625
1514
1642
1692
1629
1663
1597
1496
1519
1585
1610
1544
1610
1598
1718
1664
1809
1905
2097
2190
2194
1992
1886
1661
1673
1559
1412
1250
1041
1025
982
961
915
857
836
790
742
713
925
1246
1864
2661
3199
3280
2920
2043
1281
752
460
351
299
364
571
924
1415
2009
2367
2678
2327
1804
1257
714
377
231
167
167
170
143
164
148
149
152
152
157
150
176
173
188
220
232
208
193
181
169
175
160
121
122
88
114
118
83
101
108
106
108
94
99
95
95
90
92
84
105
84
81
98
72
85
91
96
79
85
70
75
77
86
70
66
78
80
78
102
107
110
104
125
147
121
117
115
98
83
120
98
95
81
98
91
90
98
85
86
95
94
78
68
64
62
33
46
50
37
43
33
33
30
39
22
38
30
39
48
63
59
91
119
117
163
166
154
152
141
121
93
77
56
34
32
24
19
19
18
13
11
8
16
11
17
6
19
13
13
20
11
13
14
5
10
0
