4
50
32
0
0
0
0
0
2955
15543
4287
3979
4632
5385
7044
9219
7248
4741
4303
3983
3638
3462
3307
3832
3764
3349
2621
2368
2232
2012
2143
2078
1997
1905
2071
2055
2026
1932
1971
2094
2173
1960
1859
1849
2103
2616
2748
2634
2141
1719
1616
1564
1579
1557
1461
1504
1481
1542
1662
1723
1706
1564
1598
1553
1621
1632
1592
1629
1534
1639
1797
1675
1848
1900
2101
2204
2186
1973
1836
1719
1670
1655
1511
1161
1111
1035
930
946
962
863
820
772
750
784
903
1232
1872
2589
3155
3239
2797
2046
1263
756
427
315
305
404
513
904
1452
1926
2543
2578
2333
1861
1211
692
413
261
206
153
152
143
143
163
143
151
125
152
142
153
190
202
221
211
222
201
179
153
140
129
121
112
117
84
94
98
99
86
76
91
84
108
79
83
83
91
82
86
73
71
70
95
85
69
79
72
101
83
88
81
91
79
79
89
87
77
95
105
117
119
120
116
134
110
114
110
94
95
79
75
92
88
95
91
69
86
59
88
83
83
77
66
71
44
59
46
40
50
31
35
38
37
28
23
42
41
56
50
70
105
99
137
142
155
142
164
128
135
102
66
55
53
33
16
17
18
14
17
13
18
13
14
11
9
21
13
13
8
14
9
11
11
15
0
