0
0
0
0
0
0
0
0
0
0
0
0
0
459
5296
12800
4557
4257
4900
6013
7748
8183
6108
4527
3983
3660
3470
3433
3536
3765
3504
2756
2295
2233
2116
2032
2032
1939
1938
1907
2073
2030
1969
2063
2097
2102
2050
1881
1945
2239
2588
2691
2441
2013
1673
1580
1551
1544
1562
1524
1501
1531
1647
1740
1686
1637
1556
1501
1575
1597
1622
1596
1650
1612
1710
1751
1820
1922
2107
2195
2128
1949
1791
1707
1644
1501
1329
1173
1057
970
932
919
912
868
847
791
772
853
1112
1616
2284
2969
3265
2972
2313
1504
844
501
355
320
365
580
919
1416
1923
2360
2536
2322
1803
1204
711
413
248
180
156
151
149
156
153
136
121
121
140
154
172
191
199
216
221
211
199
172
167
143
125
132
122
104
97
94
95
97
100
93
91
90
82
89
94
91
84
82
90
82
76
75
73
77
85
83
75
71
79
82
68
63
71
75
80
95
103
102
106
114
119
121
122
117
113
109
96
88
88
90
96
98
96
96
88
83
82
75
75
75
65
57
55
49
44
42
40
35
30
29
30
30
26
26
35
44
53
72
88
101
117
134
155
170
154
143
129
106
89
70
56
40
29
24
20
13
16
17
14
14
12
10
9
10
16
15
12
12
11
13
9
11
