0
0
0
0
0
0
0
0
0
0
0
0
2
483
5403
13034
4375
4260
4970
6040
7856
8098
5858
4407
4013
3754
3533
3421
3497
3869
3419
2703
2280
2149
2079
2129
2110
1958
2005
2046
2121
2076
2030
2127
2123
2159
1929
1805
1972
2279
2612
2710
2393
1930
1656
1584
1541
1533
1520
1464
1518
1542
1666
1674
1684
1574
1584
1620
1584
1576
1639
1587
1595
1644
1666
1694
1795
1969
2121
2207
2130
1974
1761
1681
1661
1544
1317
1133
1026
1005
969
943
916
877
803
778
806
910
1228
1845
2655
3185
3245
2757
1968
1210
633
400
353
339
437
684
1090
1670
2189
2514
2510
2087
1595
983
539
333
223
180
160
151
160
158
152
144
135
137
146
174
197
205
221
213
206
195
184
160
146
139
133
126
119
96
89
89
87
94
93
93
76
94
82
82
76
69
98
94
92
94
79
80
86
77
87
71
73
65
78
84
77
77
87
80
84
86
92
99
116
124
129
122
114
103
99
105
98
89
90
94
90
83
80
73
94
108
95
87
82
76
66
56
53
46
45
39
37
36
29
23
30
33
35
37
46
54
70
86
97
118
130
144
161
180
179
146
108
92
69
46
30
24
23
16
19
13
15
16
9
12
7
12
12
11
17
14
7
7
9
8
15
10
