4
50
35
0
0
0
0
0
2737
15772
4498
4036
4717
5395
6976
9027
7070
4668
4180
3885
3669
3453
3397
3519
3998
3275
2585
2228
2138
2069
2130
2112
1954
2000
2034
2124
2091
1997
2137
2081
2229
2016
1762
1860
2103
2473
2760
2681
2170
1760
1585
1585
1516
1541
1514
1440
1539
1531
1691
1667
1693
1561
1583
1621
1584
1567
1644
1586
1584
1637
1662
1672
1736
1915
2060
2231
2165
2094
1824
1682
1675
1660
1463
1214
1082
984
1023
938
949
903
875
778
777
803
897
1217
1841
2693
3218
3301
2821
2038
1286
670
408
358
325
385
589
921
1491
2056
2453
2668
2256
1868
1233
656
404
252
191
169
150
152
170
145
161
132
138
135
147
186
203
202
233
205
210
190
187
154
145
137
132
124
122
94
88
90
85
95
91
98
72
96
82
82
79
60
98
94
91
99
79
76
92
69
97
68
80
60
74
87
80
67
93
78
84
80
95
82
114
115
134
125
120
111
96
100
113
89
87
93
97
86
79
87
55
111
109
89
85
81
75
65
50
58
40
50
36
38
35
30
17
33
30
38
33
49
52
69
89
92
121
128
143
158
182
187
154
105
96
72
49
30
22
28
13
23
11
16
18
5
16
4
13
11
9
18
15
6
6
10
5
15
14
0
