4
50
36
0
0
0
0
0
2802
15921
4524
4111
4750
5306
6768
9182
7252
4645
4220
3880
3524
3453
3430
3694
3808
3302
2675
2284
2185
2151
2082
2014
1879
1837
1973
2036
2112
2007
1980
2144
2129
1993
1835
1943
2100
2492
2818
2578
2241
1739
1602
1511
1581
1593
1473
1519
1559
1585
1654
1667
1684
1671
1519
1523
1537
1648
1587
1490
1486
1586
1679
1673
1803
1913
2115
2254
2209
2076
1823
1802
1730
1536
1363
1256
1077
1059
954
966
919
921
887
811
729
808
916
1271
1857
2609
3169
3341
2871
2091
1236
699
462
317
300
374
555
913
1470
2001
2557
2596
2322
1794
1163
661
364
199
176
167
165
189
160
147
159
130
132
159
155
183
194
203
236
198
194
205
212
172
166
144
119
100
109
99
110
98
107
85
98
88
95
96
101
104
90
94
87
71
72
89
88
91
77
82
69
87
77
73
79
80
70
69
84
71
77
82
92
105
105
115
131
147
132
115
114
82
109
88
94
99
73
96
114
102
74
92
85
86
70
71
77
58
51
64
50
49
39
33
38
36
26
26
35
29
33
39
35
64
81
91
115
137
147
170
160
157
129
115
102
66
50
37
37
21
20
15
15
13
16
6
17
9
14
16
15
10
13
9
9
13
9
12
10
0
