0
0
0
0
0
0
0
0
0
0
0
0
0
451
5318
13037
4567
4304
4917
5833
7715
8263
6023
4461
4034
3672
3480
3433
3601
3763
3425
2815
2361
2200
2151
2085
2016
1883
1843
1965
2036
2087
2005
2012
2126
2090
1951
1874
1988
2237
2600
2692
2426
2002
1685
1555
1550
1581
1514
1502
1540
1572
1631
1658
1676
1670
1542
1520
1532
1628
1585
1499
1494
1582
1663
1693
1806
1942
2123
2223
2170
2004
1836
1775
1658
1479
1328
1181
1080
1007
965
939
921
900
842
763
780
873
1147
1662
2370
2996
3281
2975
2262
1404
801
503
344
308
375
559
918
1446
1993
2464
2530
2249
1729
1134
656
362
216
177
168
172
175
159
152
146
134
142
153
167
184
195
217
213
199
199
207
189
171
154
130
109
105
102
104
102
102
92
92
91
91
94
98
102
94
91
88
75
71
82
88
88
81
78
74
80
79
74
76
77
72
71
77
75
75
82
91
101
106
116
131
139
130
118
104
95
97
93
93
89
84
97
106
93
84
85
86
79
72
71
68
57
55
56
51
45
38
35
35
32
27
28
30
31
34
35
47
68
82
100
122
138
155
163
159
143
124
109
85
60
44
37
29
21
18
15
14
13
11
10
11
11
13
14
13
11
10
8
10
10
9
10
