4
50
37
0
0
0
0
0
2678
15844
4440
4126
4688
5312
6980
9314
7125
4698
4224
3900
3657
3476
3403
3675
3860
3265
2580
2234
2219
2139
2148
2037
2007
1918
1998
2013
2069
1994
1966
2105
2155
1960
1894
1870
2195
2560
2869
2631
2188
1759
1604
1534
1561
1549
1492
1501
1499
1588
1588
1638
1605
1579
1526
1560
1597
1562
1635
1689
1581
1617
1621
1619
1793
1928
2089
2201
2225
2029
1860
1693
1702
1587
1443
1195
1101
981
953
985
966
840
903
797
741
714
945
1300
1890
2582
3291
3357
2774
2047
1195
680
404
286
311
362
593
997
1446
2013
2507
2655
2360
1739
1082
671
414
250
180
175
150
153
157
147
174
108
158
161
150
163
181
183
210
221
208
202
195
147
133
147
119
130
95
107
90
114
98
82
75
102
83
84
96
91
91
90
110
78
107
97
79
87
89
98
80
99
79
87
95
57
90
78
74
79
79
109
124
104
117
113
110
111
124
115
88
111
76
105
86
95
79
94
92
92
78
92
84
72
97
76
81
57
50
44
38
32
40
41
47
33
33
21
33
42
41
34
65
54
81
87
111
127
173
151
156
135
141
101
111
66
66
45
28
21
24
17
17
11
15
15
13
17
17
9
13
11
16
17
14
10
13
9
16
0
