0
0
0
0
0
0
0
0
0
0
0
0
0
420
5080
12766
4726
4283
4849
5867
7799
8254
6070
4536
4055
3760
3544
3422
3561
3772
3429
2772
2322
2218
2146
2137
2045
2002
1926
1978
2007
2042
1992
1986
2087
2093
1959
1887
1965
2268
2617
2733
2464
2037
1721
1578
1545
1546
1513
1494
1492
1544
1576
1610
1608
1582
1537
1542
1578
1567
1608
1659
1605
1599
1611
1636
1763
1914
2063
2170
2165
2020
1843
1721
1659
1557
1383
1201
1070
985
963
968
914
878
847
780
731
819
1089
1555
2189
2898
3286
3035
2381
1574
905
522
337
300
351
523
866
1313
1831
2322
2551
2373
1860
1244
768
471
290
201
171
158
151
153
154
151
136
145
157
155
163
176
188
206
214
208
201
182
149
138
137
124
118
101
100
98
107
93
80
81
95
82
86
94
90
90
94
99
87
103
90
81
86
90
91
85
90
81
87
79
70
84
76
75
80
94
114
114
109
115
111
110
116
117
100
97
92
91
94
89
86
87
92
91
83
86
86
77
86
82
77
63
52
45
39
33
36
39
44
36
32
23
29
39
41
35
58
55
75
85
106
123
165
154
153
138
138
105
108
71
66
47
30
22
21
18
17
12
12
13
14
14
15
10
10
11
13
15
14
10
11
9
