0
0
0
0
0
0
0
0
0
0
0
0
0
424
5204
13083
4471
4247
4903
5972
7802
8232
5982
4372
4026
3685
3488
3423
3567
3812
3412
2727
2283
2135
2122
2114
2001
1991
1928
2036
2090
2020
1967
2016
2128
2073
1957
1811
1978
2347
2662
2693
2398
1965
1670
1559
1527
1548
1534
1455
1523
1571
1619
1706
1676
1559
1556
1546
1618
1589
1596
1550
1644
1635
1694
1730
1835
1962
2153
2275
2216
1939
1796
1688
1565
1474
1390
1202
1051
1006
967
943
897
893
831
761
751
857
1108
1754
2476
3174
3337
2947
2130
1320
699
421
313
295
402
590
990
1520
2137
2587
2606
2205
1622
1079
618
352
224
180
141
145
165
165
151
148
135
129
135
147
178
198
202
205
219
200
177
178
152
136
132
110
108
116
100
100
100
89
100
104
81
95
84
99
87
97
102
85
77
77
85
70
76
72
87
82
75
78
78
73
74
82
90
86
84
92
106
109
121
129
118
119
122
114
100
97
103
89
81
88
90
90
90
88
87
88
89
90
88
80
72
64
54
49
49
47
37
33
27
21
31
38
32
29
30
47
51
63
86
101
129
158
162
161
173
159
121
101
90
62
39
31
24
13
14
16
12
12
15
9
8
12
12
11
8
11
12
16
11
6
5
9
