0
0
0
0
0
0
0
0
0
0
0
0
0
400
5094
13116
4516
4276
4958
6006
7769
8195
5970
4476
4052
3725
3557
3404
3564
3797
3470
2741
2304
2186
2106
2135
2012
1968
1871
1987
2059
2053
1993
2093
2144
2085
1958
1899
1999
2247
2577
2696
2443
1972
1648
1546
1537
1511
1529
1561
1541
1549
1629
1693
1699
1606
1607
1583
1559
1567
1584
1558
1590
1563
1612
1713
1828
1998
2158
2188
2148
1948
1749
1655
1618
1542
1376
1185
1041
959
927
925
920
893
836
757
768
886
1170
1683
2339
3018
3324
2940
2241
1401
819
459
333
330
383
586
973
1427
1965
2446
2606
2301
1696
1086
627
370
236
171
155
161
166
168
162
147
144
145
138
141
164
180
204
225
218
204
186
166
155
147
132
123
105
105
98
87
83
85
97
91
89
93
90
96
97
101
89
78
86
90
81
76
83
97
92
85
78
73
87
94
86
81
78
75
77
76
86
97
102
115
137
140
125
112
104
102
97
86
79
83
97
102
96
93
104
97
80
77
78
77
76
67
61
56
47
39
36
38
39
32
27
29
31
28
31
41
51
57
83
113
130
140
158
166
163
146
122
94
77
59
41
31
28
24
17
15
14
19
20
11
10
11
10
14
18
12
8
10
9
8
9
7
