4
50
40
0
0
0
0
0
2486
16052
4457
4093
4704
5518
6888
9138
7147
4645
4253
3886
3612
3526
3345
3677
3864
3344
2566
2239
2178
2099
2145
2005
1971
1861
1993
2068
2073
1970
2091
2161
2125
1983
1883
1928
2148
2448
2812
2598
2256
1661
1596
1505
1562
1484
1558
1573
1531
1562
1661
1711
1700
1587
1616
1581
1560
1573
1592
1553
1605
1555
1606
1711
1812
1972
2187
2183
2220
2004
1776
1645
1650
1577
1484
1221
1102
957
942
913
936
912
879
806
723
793
944
1294
1878
2557
3215
3385
2812
2079
1236
725
399
316
332
373
582
995
1425
1982
2504
2706
2396
1740
1113
621
369
238
167
149
163
169
170
171
150
137
154
139
134
152
185
185
226
233
206
198
176
156
152
143
124
120
95
112
90
85
81
90
103
85
93
95
89
101
96
106
84
76
93
91
78
76
84
107
87
85
80
65
96
98
84
80
80
72
84
68
90
99
106
103
147
147
124
113
104
99
110
78
87
71
104
103
101
88
102
117
71
80
79
77
78
74
55
65
47
43
34
39
43
36
27
27
37
28
29
38
50
57
64
108
129
138
148
174
163
162
129
111
76
76
42
37
25
32
17
16
13
17
26
13
8
13
12
7
25
15
8
9
13
7
11
8
9
0
