4
50
42
0
0
0
0
0
2672
15970
4342
3997
4738
5411
6846
8993
7075
4738
4149
3930
3592
3486
3330
3527
3848
3257
2544
2336
2169
2198
2135
2115
1937
1942
2037
2090
2040
1962
2108
2167
2142
2027
1821
1935
2121
2552
2813
2666
2165
1807
1607
1553
1496
1598
1579
1487
1555
1587
1631
1719
1675
1601
1612
1592
1652
1594
1656
1591
1546
1610
1667
1658
1818
1845
2098
2234
2246
2013
1813
1683
1729
1623
1411
1226
1096
978
959
923
895
872
823
798
805
724
912
1251
1968
2616
3180
3257
2819
2089
1271
685
451
323
341
363
576
900
1527
2075
2486
2594
2300
1758
1147
657
366
239
192
138
164
143
154
161
185
157
150
146
176
158
182
192
192
203
219
181
178
159
160
125
113
132
106
103
95
90
117
88
86
97
94
105
91
102
81
76
94
97
82
77
97
94
75
82
76
96
71
79
89
82
101
66
76
78
79
82
99
104
101
115
130
123
135
138
106
95
115
100
104
105
87
69
100
80
93
95
95
100
88
67
74
78
57
51
64
51
32
41
35
26
33
21
21
26
32
32
44
71
74
95
115
139
149
152
176
152
144
122
92
68
42
36
29
32
17
18
14
13
8
16
20
7
15
11
11
10
10
11
13
12
9
8
2
0
