0
0
0
0
0
0
0
0
0
0
0
0
0
434
5280
13135
4312
4225
4962
5954
7729
8101
5938
4439
4027
3727
3525
3382
3466
3758
3391
2685
2371
2190
2193
2138
2115
1939
1944
2037
2081
2028
1988
2115
2158
2108
1962
1861
2000
2292
2658
2739
2414
1978
1698
1577
1518
1561
1584
1513
1536
1577
1620
1701
1681
1609
1609
1593
1648
1598
1649
1589
1554
1614
1663
1689
1816
1905
2126
2231
2166
1946
1768
1704
1680
1526
1325
1163
1035
969
938
906
881
840
807
802
745
865
1172
1822
2496
3091
3242
2864
2150
1318
714
458
330
340
383
605
977
1589
2124
2487
2518
2173
1614
1028
585
335
227
174
149
154
147
155
170
170
154
148
161
164
171
186
190
197
211
192
180
165
159
133
116
126
111
104
96
91
111
92
87
94
94
103
92
100
82
77
91
94
83
79
94
91
76
80
79
89
74
79
86
86
89
70
74
76
78
86
98
102
105
118
126
127
133
123
103
103
106
101
102
95
78
84
88
86
91
93
96
93
76
71
74
65
54
58
55
39
36
36
29
30
25
21
23
28
30
39
61
70
87
107
131
144
149
169
157
147
127
98
74
48
37
30
29
19
17
15
14
9
12
17
9
11
12
11
10
10
9
11
12
9
8
2
