4
50
44
0
0
0
0
0
2752
15949
4278
4011
4689
5446
6815
9230
7098
4634
4131
3987
3611
3508
3398
3679
3845
3314
2603
2283
2167
2141
2095
2095
1997
1963
2018
2064
2079
1974
2031
2116
2177
2003
1772
1861
2131
2556
2809
2607
2185
1779
1635
1480
1499
1497
1525
1499
1534
1576
1617
1634
1629
1618
1603
1581
1612
1581
1598
1635
1580
1679
1616
1705
1781
1971
2082
2274
2102
2052
1870
1681
1667
1558
1455
1260
1073
977
894
980
952
907
830
822
696
715
943
1306
1946
2611
3284
3222
2914
1988
1235
697
431
303
321
408
594
948
1444
2010
2464
2621
2352
1805
1188
652
359
244
173
159
158
190
158
174
167
121
139
131
144
159
174
201
234
215
227
187
191
172
168
144
121
116
90
84
94
83
79
102
92
91
94
90
85
76
90
86
80
78
93
82
100
89
83
92
77
68
70
96
88
82
78
94
90
76
71
76
89
109
129
128
117
131
137
129
97
104
100
90
107
95
99
87
96
83
107
82
84
71
78
91
72
65
63
55
49
49
39
35
38
32
22
30
18
36
52
32
53
67
83
105
113
147
172
155
160
165
143
116
97
68
50
36
34
27
19
19
20
11
16
12
11
16
10
14
19
11
16
17
13
11
10
5
9
0
