0
0
0
0
0
0
0
0
0
0
0
0
0
414
5106
12901
4470
4209
4910
5913
7759
8274
6080
4461
4006
3693
3535
3376
3523
3849
3519
2768
2307
2200
2259
2132
2072
1872
1908
2008
2068
2032
1997
2038
2112
2116
1990
1807
1924
2272
2591
2710
2404
1985
1695
1546
1485
1485
1499
1553
1574
1579
1637
1665
1675
1652
1618
1573
1588
1579
1610
1644
1613
1621
1694
1720
1786
1945
2139
2233
2176
1999
1803
1687
1623
1476
1314
1175
1064
992
935
924
908
851
797
746
762
863
1149
1675
2383
3055
3266
2953
2256
1398
836
501
342
284
368
586
937
1463
2042
2469
2562
2232
1693
1104
660
388
244
180
167
158
151
145
145
144
148
159
161
163
170
185
207
215
205
195
189
175
153
128
113
115
116
110
106
99
99
99
97
82
86
90
88
90
88
80
77
80
82
78
95
97
93
88
93
88
85
88
85
90
85
81
83
81
81
85
88
97
109
119
125
120
117
127
128
115
97
89
90
89
93
99
98
89
84
85
92
81
69
69
70
70
63
55
47
41
34
31
33
32
30
31
29
35
44
50
55
65
78
105
127
134
148
166
162
135
111
96
80
58
45
31
27
23
16
16
14
13
14
12
17
18
13
9
8
9
8
7
9
9
6
8
