0
0
0
0
0
0
0
0
0
0
0
0
0
412
5153
13150
4643
4300
4918
5845
7652
8235
6035
4435
3951
3694
3480
3388
3582
3805
3399
2800
2312
2099
2073
2134
2015
1981
1978
1966
2065
2027
2014
2029
2084
2124
2016
1852
1940
2245
2588
2702
2422
2017
1729
1604
1583
1565
1523
1499
1548
1573
1617
1697
1654
1628
1586
1570
1592
1619
1562
1627
1612
1558
1649
1708
1803
1899
2072
2198
2147
1994
1823
1721
1642
1498
1341
1180
1057
1006
974
929
921
877
804
754
742
835
1096
1634
2367
3014
3312
2989
2223
1429
840
502
330
281
363
585
890
1397
2063
2453
2511
2295
1786
1211
725
417
247
176
152
143
143
141
143
143
140
143
148
144
154
167
180
203
219
215
194
176
160
142
129
116
103
97
100
101
96
93
94
97
89
79
84
93
84
89
90
79
83
90
92
82
80
86
76
75
79
83
88
80
75
81
88
88
88
94
98
107
117
125
131
122
113
111
107
97
92
92
100
111
115
103
89
90
91
84
85
93
95
82
76
69
55
50
51
48
41
36
32
30
35
33
25
28
40
48
51
55
75
96
108
139
160
163
166
146
110
102
85
59
45
32
18
22
22
17
14
13
14
15
14
12
9
6
17
17
14
14
14
11
12
6
