4
50
47
0
0
0
0
0
2641
15861
4460
4108
4642
5637
6981
9191
7108
4600
4172
3832
3700
3378
3472
3671
3881
3241
2571
2323
2102
2147
2092
2059
2004
2033
2016
1960
2107
1989
2027
2103
2212
2041
1841
1892
2183
2580
2770
2623
2104
1727
1588
1529
1497
1579
1513
1534
1553
1639
1650
1672
1708
1593
1593
1543
1584
1593
1553
1558
1577
1676
1652
1565
1729
1886
2152
2308
2240
2015
1855
1692
1689
1559
1407
1227
1107
962
984
897
892
885
822
780
757
727
923
1258
1920
2696
3259
3342
2769
2146
1166
708
408
327
275
433
601
955
1547
1976
2450
2632
2327
1707
1098
657
363
229
179
149
162
164
138
139
175
130
145
162
146
142
191
216
232
216
208
197
176
164
167
149
129
94
112
105
100
114
104
111
83
116
83
84
101
96
77
95
88
95
86
64
83
86
94
71
82
75
77
76
78
93
75
63
98
77
91
97
83
92
115
120
135
134
121
125
122
84
103
90
106
83
87
92
90
96
99
81
79
91
72
78
75
56
52
70
53
35
26
44
22
34
37
29
28
25
33
40
41
73
69
96
109
132
155
163
170
161
128
116
82
71
63
40
26
24
21
18
20
17
17
9
9
19
24
11
12
10
12
8
9
14
10
9
6
0
