0
0
0
0
0
0
0
0
0
0
0
0
0
425
5179
12976
4520
4268
4961
6115
7851
8214
5926
4410
3986
3754
3498
3435
3598
3810
3397
2721
2371
2136
2137
2095
2058
2004
2027
2010
1976
2078
1998
2036
2120
2156
1987
1864
1989
2318
2635
2692
2380
1933
1666
1558
1510
1544
1532
1525
1543
1610
1641
1662
1696
1612
1591
1547
1576
1587
1555
1555
1582
1659
1639
1601
1740
1927
2161
2270
2174
1979
1809
1701
1636
1504
1337
1182
1044
981
936
898
887
848
798
766
738
855
1142
1709
2459
3092
3308
2892
2273
1343
785
459
338
294
420
610
971
1511
1980
2403
2539
2233
1652
1072
638
365
231
176
156
159
154
141
151
152
140
149
153
145
164
197
220
222
212
202
186
170
166
156
138
108
105
106
102
108
107
107
91
104
92
82
95
97
82
88
89
91
86
70
77
85
88
77
77
77
75
76
79
85
76
72
85
83
88
92
87
95
110
122
131
130
124
122
110
96
95
96
95
87
86
89
91
94
91
82
82
81
76
75
67
56
59
60
47
33
34
32
29
32
33
29
27
27
34
38
55
68
81
99
118
140
156
165
165
144
123
99
77
67
51
33
25
23
20
19
18
17
13
9
12
19
17
11
10
10
10
7
10
11
9
7
