0
0
0
0
0
0
0
0
0
0
0
0
0
413
5119
13016
4667
4277
4932
5965
7782
8249
6052
4470
4054
3682
3493
3429
3523
3733
3417
2753
2334
2198
2114
2094
2030
1924
1943
1987
2088
2045
1975
2051
2136
2130
1993
1893
1944
2257
2603
2688
2406
2000
1719
1586
1506
1466
1490
1496
1556
1579
1619
1674
1673
1615
1572
1569
1576
1585
1578
1624
1591
1608
1633
1678
1765
1975
2178
2208
2105
1943
1781
1687
1633
1543
1380
1224
1079
992
939
920
933
897
818
751
752
833
1101
1648
2309
2983
3223
2970
2375
1520
844
506
330
288
359
549
913
1437
1963
2350
2521
2320
1799
1211
718
401
262
203
172
159
154
154
156
154
152
158
161
156
160
184
207
215
224
206
179
174
158
132
127
124
111
109
93
91
97
90
89
90
88
89
96
91
81
78
89
92
85
88
89
87
82
80
73
68
67
79
79
77
80
82
83
88
90
84
84
104
112
116
125
130
128
115
114
108
89
88
92
89
91
85
85
92
82
79
84
83
68
59
58
57
53
52
52
46
43
39
34
35
31
28
33
37
38
41
52
62
79
100
114
136
147
170
159
140
115
104
67
52
45
30
26
27
20
15
11
17
14
13
12
9
9
13
11
11
12
10
10
9
5
12
