4
50
49
0
0
0
0
0
2567
15917
4437
3998
4944
5329
6893
9087
7092
4679
4213
3905
3539
3425
3417
3719
3902
3366
2574
2234
2144
2136
2107
2024
2002
1953
1973
2099
2017
2004
1973
2051
2130
2031
1870
1950
2038
2569
2798
2717
2185
1751
1582
1555
1524
1542
1543
1486
1565
1642
1697
1681
1622
1575
1555
1516
1615
1514
1586
1604
1569
1591
1668
1689
1785
1909
2185
2266
2198
2049
1810
1727
1694
1536
1529
1217
1050
1031
1038
898
948
948
832
737
759
745
918
1229
2007
2690
3326
3276
2930
1962
1189
676
430
352
322
360
583
923
1487
2007
2540
2638
2348
1738
1112
646
361
229
176
191
168
151
172
165
155
136
148
145
148
156
188
213
203
212
243
192
163
172
154
130
128
99
98
99
103
92
100
107
87
94
108
89
102
91
82
85
97
88
80
83
85
74
83
74
66
87
68
83
73
82
76
70
90
85
82
84
99
110
113
109
137
135
120
109
114
103
99
84
91
92
97
103
98
102
73
87
89
100
79
65
68
70
62
51
55
38
43
33
34
38
34
31
24
30
39
42
63
69
83
100
118
139
146
167
140
126
134
103
98
84
42
32
23
29
18
17
14
25
14
10
7
14
9
11
14
10
12
8
13
4
6
11
9
0
