0
0
0
0
0
0
0
0
0
0
0
0
0
428
5284
13263
4336
4288
4944
6003
7844
8135
5890
4439
4053
3721
3463
3324
3534
3810
3398
2740
2284
2178
2160
2132
2017
2018
1935
1966
2055
2075
1925
2076
2186
2166
1952
1867
2017
2281
2647
2737
2408
1974
1670
1528
1533
1498
1484
1469
1493
1571
1644
1713
1605
1668
1582
1519
1577
1657
1624
1557
1563
1598
1630
1765
1787
1983
2164
2156
2048
1886
1774
1723
1668
1536
1323
1160
1064
1011
966
951
897
853
822
744
762
870
1236
1848
2538
3224
3267
2841
2080
1270
730
435
335
317
386
661
1047
1621
2155
2487
2494
2167
1572
1009
558
350
204
153
151
153
155
146
147
160
159
151
151
159
171
192
190
208
212
196
203
170
160
146
123
110
99
106
90
90
91
98
106
93
101
91
92
90
77
90
76
93
92
96
78
89
74
74
79
71
62
80
78
71
71
79
77
86
95
99
105
106
115
126
122
122
108
96
95
93
90
87
90
98
99
93
99
103
102
88
80
79
78
83
73
70
62
56
53
46
35
29
30
29
37
40
29
35
47
47
50
74
99
123
128
142
164
153
167
147
120
97
80
54
43
38
25
22
15
14
14
18
13
15
16
14
11
12
13
12
13
19
12
21
14
9
